G2V	RVS_T05750G45P00V000K2SNWNVRVSF	
8439.6643      8780.2676
3000	       1.0e-9
3005	       1.0e-9
3010	       1.0e-9
3015	       1.0e-9
3020	       1.0e-9
3025	       1.0e-9
3030	       1.0e-9
3035	       1.0e-9
3040	       1.0e-9
3045	       1.0e-9
3050	       1.0e-9
3055	       1.0e-9
3060	       1.0e-9
3065	       1.0e-9
3070	       1.0e-9
3075	       1.0e-9
3080	       1.0e-9
3085	       1.0e-9
3090	       1.0e-9
3095	       1.0e-9
3100	       1.0e-9
3105	       1.0e-9
3110	       1.0e-9
3115	       1.0e-9
3120	       1.0e-9
3125	       1.0e-9
3130	       1.0e-9
3135	       1.0e-9
3140	       1.0e-9
3145	       1.0e-9
3150	       1.0e-9
3155	       1.0e-9
3160	       1.0e-9
3165	       1.0e-9
3170	       1.0e-9
3175	       1.0e-9
3180	       1.0e-9
3185	       1.0e-9
3190	       1.0e-9
3195	       1.0e-9
3200	       1.0e-9
3205	       1.0e-9
3210	       1.0e-9
3215	       1.0e-9
3220	       1.0e-9
3225	       1.0e-9
3230	       1.0e-9
3235	       1.0e-9
3240	       1.0e-9
3245	       1.0e-9
3250	       1.0e-9
3255	       1.0e-9
3260	       1.0e-9
3265	       1.0e-9
3270	       1.0e-9
3275	       1.0e-9
3280	       1.0e-9
3285	       1.0e-9
3290	       1.0e-9
3295	       1.0e-9
3300	       1.0e-9
3305	       1.0e-9
3310	       1.0e-9
3315	       1.0e-9
3320	       1.0e-9
3325	       1.0e-9
3330	       1.0e-9
3335	       1.0e-9
3340	       1.0e-9
3345	       1.0e-9
3350	       1.0e-9
3355	       1.0e-9
3360	       1.0e-9
3365	       1.0e-9
3370	       1.0e-9
3375	       1.0e-9
3380	       1.0e-9
3385	       1.0e-9
3390	       1.0e-9
3395	       1.0e-9
3400	       1.0e-9
3405	       1.0e-9
3410	       1.0e-9
3415	       1.0e-9
3420	       1.0e-9
3425	       1.0e-9
3430	       1.0e-9
3435	       1.0e-9
3440	       1.0e-9
3445	       1.0e-9
3450	       1.0e-9
3455	       1.0e-9
3460	       1.0e-9
3465	       1.0e-9
3470	       1.0e-9
3475	       1.0e-9
3480	       1.0e-9
3485	       1.0e-9
3490	       1.0e-9
3495	       1.0e-9
3500	       1.0e-9
3505	       1.0e-9
3510	       1.0e-9
3515	       1.0e-9
3520	       1.0e-9
3525	       1.0e-9
3530	       1.0e-9
3535	       1.0e-9
3540	       1.0e-9
3545	       1.0e-9
3550	       1.0e-9
3555	       1.0e-9
3560	       1.0e-9
3565	       1.0e-9
3570	       1.0e-9
3575	       1.0e-9
3580	       1.0e-9
3585	       1.0e-9
3590	       1.0e-9
3595	       1.0e-9
3600	       1.0e-9
3605	       1.0e-9
3610	       1.0e-9
3615	       1.0e-9
3620	       1.0e-9
3625	       1.0e-9
3630	       1.0e-9
3635	       1.0e-9
3640	       1.0e-9
3645	       1.0e-9
3650	       1.0e-9
3655	       1.0e-9
3660	       1.0e-9
3665	       1.0e-9
3670	       1.0e-9
3675	       1.0e-9
3680	       1.0e-9
3685	       1.0e-9
3690	       1.0e-9
3695	       1.0e-9
3700	       1.0e-9
3705	       1.0e-9
3710	       1.0e-9
3715	       1.0e-9
3720	       1.0e-9
3725	       1.0e-9
3730	       1.0e-9
3735	       1.0e-9
3740	       1.0e-9
3745	       1.0e-9
3750	       1.0e-9
3755	       1.0e-9
3760	       1.0e-9
3765	       1.0e-9
3770	       1.0e-9
3775	       1.0e-9
3780	       1.0e-9
3785	       1.0e-9
3790	       1.0e-9
3795	       1.0e-9
3800	       1.0e-9
3805	       1.0e-9
3810	       1.0e-9
3815	       1.0e-9
3820	       1.0e-9
3825	       1.0e-9
3830	       1.0e-9
3835	       1.0e-9
3840	       1.0e-9
3845	       1.0e-9
3850	       1.0e-9
3855	       1.0e-9
3860	       1.0e-9
3865	       1.0e-9
3870	       1.0e-9
3875	       1.0e-9
3880	       1.0e-9
3885	       1.0e-9
3890	       1.0e-9
3895	       1.0e-9
3900	       1.0e-9
3905	       1.0e-9
3910	       1.0e-9
3915	       1.0e-9
3920	       1.0e-9
3925	       1.0e-9
3930	       1.0e-9
3935	       1.0e-9
3940	       1.0e-9
3945	       1.0e-9
3950	       1.0e-9
3955	       1.0e-9
3960	       1.0e-9
3965	       1.0e-9
3970	       1.0e-9
3975	       1.0e-9
3980	       1.0e-9
3985	       1.0e-9
3990	       1.0e-9
3995	       1.0e-9
4000	       1.0e-9
4005	       1.0e-9
4010	       1.0e-9
4015	       1.0e-9
4020	       1.0e-9
4025	       1.0e-9
4030	       1.0e-9
4035	       1.0e-9
4040	       1.0e-9
4045	       1.0e-9
4050	       1.0e-9
4055	       1.0e-9
4060	       1.0e-9
4065	       1.0e-9
4070	       1.0e-9
4075	       1.0e-9
4080	       1.0e-9
4085	       1.0e-9
4090	       1.0e-9
4095	       1.0e-9
4100	       1.0e-9
4105	       1.0e-9
4110	       1.0e-9
4115	       1.0e-9
4120	       1.0e-9
4125	       1.0e-9
4130	       1.0e-9
4135	       1.0e-9
4140	       1.0e-9
4145	       1.0e-9
4150	       1.0e-9
4155	       1.0e-9
4160	       1.0e-9
4165	       1.0e-9
4170	       1.0e-9
4175	       1.0e-9
4180	       1.0e-9
4185	       1.0e-9
4190	       1.0e-9
4195	       1.0e-9
4200	       1.0e-9
4205	       1.0e-9
4210	       1.0e-9
4215	       1.0e-9
4220	       1.0e-9
4225	       1.0e-9
4230	       1.0e-9
4235	       1.0e-9
4240	       1.0e-9
4245	       1.0e-9
4250	       1.0e-9
4255	       1.0e-9
4260	       1.0e-9
4265	       1.0e-9
4270	       1.0e-9
4275	       1.0e-9
4280	       1.0e-9
4285	       1.0e-9
4290	       1.0e-9
4295	       1.0e-9
4300	       1.0e-9
4305	       1.0e-9
4310	       1.0e-9
4315	       1.0e-9
4320	       1.0e-9
4325	       1.0e-9
4330	       1.0e-9
4335	       1.0e-9
4340	       1.0e-9
4345	       1.0e-9
4350	       1.0e-9
4355	       1.0e-9
4360	       1.0e-9
4365	       1.0e-9
4370	       1.0e-9
4375	       1.0e-9
4380	       1.0e-9
4385	       1.0e-9
4390	       1.0e-9
4395	       1.0e-9
4400	       1.0e-9
4405	       1.0e-9
4410	       1.0e-9
4415	       1.0e-9
4420	       1.0e-9
4425	       1.0e-9
4430	       1.0e-9
4435	       1.0e-9
4440	       1.0e-9
4445	       1.0e-9
4450	       1.0e-9
4455	       1.0e-9
4460	       1.0e-9
4465	       1.0e-9
4470	       1.0e-9
4475	       1.0e-9
4480	       1.0e-9
4485	       1.0e-9
4490	       1.0e-9
4495	       1.0e-9
4500	       1.0e-9
4505	       1.0e-9
4510	       1.0e-9
4515	       1.0e-9
4520	       1.0e-9
4525	       1.0e-9
4530	       1.0e-9
4535	       1.0e-9
4540	       1.0e-9
4545	       1.0e-9
4550	       1.0e-9
4555	       1.0e-9
4560	       1.0e-9
4565	       1.0e-9
4570	       1.0e-9
4575	       1.0e-9
4580	       1.0e-9
4585	       1.0e-9
4590	       1.0e-9
4595	       1.0e-9
4600	       1.0e-9
4605	       1.0e-9
4610	       1.0e-9
4615	       1.0e-9
4620	       1.0e-9
4625	       1.0e-9
4630	       1.0e-9
4635	       1.0e-9
4640	       1.0e-9
4645	       1.0e-9
4650	       1.0e-9
4655	       1.0e-9
4660	       1.0e-9
4665	       1.0e-9
4670	       1.0e-9
4675	       1.0e-9
4680	       1.0e-9
4685	       1.0e-9
4690	       1.0e-9
4695	       1.0e-9
4700	       1.0e-9
4705	       1.0e-9
4710	       1.0e-9
4715	       1.0e-9
4720	       1.0e-9
4725	       1.0e-9
4730	       1.0e-9
4735	       1.0e-9
4740	       1.0e-9
4745	       1.0e-9
4750	       1.0e-9
4755	       1.0e-9
4760	       1.0e-9
4765	       1.0e-9
4770	       1.0e-9
4775	       1.0e-9
4780	       1.0e-9
4785	       1.0e-9
4790	       1.0e-9
4795	       1.0e-9
4800	       1.0e-9
4805	       1.0e-9
4810	       1.0e-9
4815	       1.0e-9
4820	       1.0e-9
4825	       1.0e-9
4830	       1.0e-9
4835	       1.0e-9
4840	       1.0e-9
4845	       1.0e-9
4850	       1.0e-9
4855	       1.0e-9
4860	       1.0e-9
4865	       1.0e-9
4870	       1.0e-9
4875	       1.0e-9
4880	       1.0e-9
4885	       1.0e-9
4890	       1.0e-9
4895	       1.0e-9
4900	       1.0e-9
4905	       1.0e-9
4910	       1.0e-9
4915	       1.0e-9
4920	       1.0e-9
4925	       1.0e-9
4930	       1.0e-9
4935	       1.0e-9
4940	       1.0e-9
4945	       1.0e-9
4950	       1.0e-9
4955	       1.0e-9
4960	       1.0e-9
4965	       1.0e-9
4970	       1.0e-9
4975	       1.0e-9
4980	       1.0e-9
4985	       1.0e-9
4990	       1.0e-9
4995	       1.0e-9
5000	       1.0e-9
5005	       1.0e-9
5010	       1.0e-9
5015	       1.0e-9
5020	       1.0e-9
5025	       1.0e-9
5030	       1.0e-9
5035	       1.0e-9
5040	       1.0e-9
5045	       1.0e-9
5050	       1.0e-9
5055	       1.0e-9
5060	       1.0e-9
5065	       1.0e-9
5070	       1.0e-9
5075	       1.0e-9
5080	       1.0e-9
5085	       1.0e-9
5090	       1.0e-9
5095	       1.0e-9
5100	       1.0e-9
5105	       1.0e-9
5110	       1.0e-9
5115	       1.0e-9
5120	       1.0e-9
5125	       1.0e-9
5130	       1.0e-9
5135	       1.0e-9
5140	       1.0e-9
5145	       1.0e-9
5150	       1.0e-9
5155	       1.0e-9
5160	       1.0e-9
5165	       1.0e-9
5170	       1.0e-9
5175	       1.0e-9
5180	       1.0e-9
5185	       1.0e-9
5190	       1.0e-9
5195	       1.0e-9
5200	       1.0e-9
5205	       1.0e-9
5210	       1.0e-9
5215	       1.0e-9
5220	       1.0e-9
5225	       1.0e-9
5230	       1.0e-9
5235	       1.0e-9
5240	       1.0e-9
5245	       1.0e-9
5250	       1.0e-9
5255	       1.0e-9
5260	       1.0e-9
5265	       1.0e-9
5270	       1.0e-9
5275	       1.0e-9
5280	       1.0e-9
5285	       1.0e-9
5290	       1.0e-9
5295	       1.0e-9
5300	       1.0e-9
5305	       1.0e-9
5310	       1.0e-9
5315	       1.0e-9
5320	       1.0e-9
5325	       1.0e-9
5330	       1.0e-9
5335	       1.0e-9
5340	       1.0e-9
5345	       1.0e-9
5350	       1.0e-9
5355	       1.0e-9
5360	       1.0e-9
5365	       1.0e-9
5370	       1.0e-9
5375	       1.0e-9
5380	       1.0e-9
5385	       1.0e-9
5390	       1.0e-9
5395	       1.0e-9
5400	       1.0e-9
5405	       1.0e-9
5410	       1.0e-9
5415	       1.0e-9
5420	       1.0e-9
5425	       1.0e-9
5430	       1.0e-9
5435	       1.0e-9
5440	       1.0e-9
5445	       1.0e-9
5450	       1.0e-9
5455	       1.0e-9
5460	       1.0e-9
5465	       1.0e-9
5470	       1.0e-9
5475	       1.0e-9
5480	       1.0e-9
5485	       1.0e-9
5490	       1.0e-9
5495	       1.0e-9
5500	       1.0e-9
5505	       1.0e-9
5510	       1.0e-9
5515	       1.0e-9
5520	       1.0e-9
5525	       1.0e-9
5530	       1.0e-9
5535	       1.0e-9
5540	       1.0e-9
5545	       1.0e-9
5550	       1.0e-9
5555	       1.0e-9
5560	       1.0e-9
5565	       1.0e-9
5570	       1.0e-9
5575	       1.0e-9
5580	       1.0e-9
5585	       1.0e-9
5590	       1.0e-9
5595	       1.0e-9
5600	       1.0e-9
5605	       1.0e-9
5610	       1.0e-9
5615	       1.0e-9
5620	       1.0e-9
5625	       1.0e-9
5630	       1.0e-9
5635	       1.0e-9
5640	       1.0e-9
5645	       1.0e-9
5650	       1.0e-9
5655	       1.0e-9
5660	       1.0e-9
5665	       1.0e-9
5670	       1.0e-9
5675	       1.0e-9
5680	       1.0e-9
5685	       1.0e-9
5690	       1.0e-9
5695	       1.0e-9
5700	       1.0e-9
5705	       1.0e-9
5710	       1.0e-9
5715	       1.0e-9
5720	       1.0e-9
5725	       1.0e-9
5730	       1.0e-9
5735	       1.0e-9
5740	       1.0e-9
5745	       1.0e-9
5750	       1.0e-9
5755	       1.0e-9
5760	       1.0e-9
5765	       1.0e-9
5770	       1.0e-9
5775	       1.0e-9
5780	       1.0e-9
5785	       1.0e-9
5790	       1.0e-9
5795	       1.0e-9
5800	       1.0e-9
5805	       1.0e-9
5810	       1.0e-9
5815	       1.0e-9
5820	       1.0e-9
5825	       1.0e-9
5830	       1.0e-9
5835	       1.0e-9
5840	       1.0e-9
5845	       1.0e-9
5850	       1.0e-9
5855	       1.0e-9
5860	       1.0e-9
5865	       1.0e-9
5870	       1.0e-9
5875	       1.0e-9
5880	       1.0e-9
5885	       1.0e-9
5890	       1.0e-9
5895	       1.0e-9
5900	       1.0e-9
5905	       1.0e-9
5910	       1.0e-9
5915	       1.0e-9
5920	       1.0e-9
5925	       1.0e-9
5930	       1.0e-9
5935	       1.0e-9
5940	       1.0e-9
5945	       1.0e-9
5950	       1.0e-9
5955	       1.0e-9
5960	       1.0e-9
5965	       1.0e-9
5970	       1.0e-9
5975	       1.0e-9
5980	       1.0e-9
5985	       1.0e-9
5990	       1.0e-9
5995	       1.0e-9
6000	       1.0e-9
6005	       1.0e-9
6010	       1.0e-9
6015	       1.0e-9
6020	       1.0e-9
6025	       1.0e-9
6030	       1.0e-9
6035	       1.0e-9
6040	       1.0e-9
6045	       1.0e-9
6050	       1.0e-9
6055	       1.0e-9
6060	       1.0e-9
6065	       1.0e-9
6070	       1.0e-9
6075	       1.0e-9
6080	       1.0e-9
6085	       1.0e-9
6090	       1.0e-9
6095	       1.0e-9
6100	       1.0e-9
6105	       1.0e-9
6110	       1.0e-9
6115	       1.0e-9
6120	       1.0e-9
6125	       1.0e-9
6130	       1.0e-9
6135	       1.0e-9
6140	       1.0e-9
6145	       1.0e-9
6150	       1.0e-9
6155	       1.0e-9
6160	       1.0e-9
6165	       1.0e-9
6170	       1.0e-9
6175	       1.0e-9
6180	       1.0e-9
6185	       1.0e-9
6190	       1.0e-9
6195	       1.0e-9
6200	       1.0e-9
6205	       1.0e-9
6210	       1.0e-9
6215	       1.0e-9
6220	       1.0e-9
6225	       1.0e-9
6230	       1.0e-9
6235	       1.0e-9
6240	       1.0e-9
6245	       1.0e-9
6250	       1.0e-9
6255	       1.0e-9
6260	       1.0e-9
6265	       1.0e-9
6270	       1.0e-9
6275	       1.0e-9
6280	       1.0e-9
6285	       1.0e-9
6290	       1.0e-9
6295	       1.0e-9
6300	       1.0e-9
6305	       1.0e-9
6310	       1.0e-9
6315	       1.0e-9
6320	       1.0e-9
6325	       1.0e-9
6330	       1.0e-9
6335	       1.0e-9
6340	       1.0e-9
6345	       1.0e-9
6350	       1.0e-9
6355	       1.0e-9
6360	       1.0e-9
6365	       1.0e-9
6370	       1.0e-9
6375	       1.0e-9
6380	       1.0e-9
6385	       1.0e-9
6390	       1.0e-9
6395	       1.0e-9
6400	       1.0e-9
6405	       1.0e-9
6410	       1.0e-9
6415	       1.0e-9
6420	       1.0e-9
6425	       1.0e-9
6430	       1.0e-9
6435	       1.0e-9
6440	       1.0e-9
6445	       1.0e-9
6450	       1.0e-9
6455	       1.0e-9
6460	       1.0e-9
6465	       1.0e-9
6470	       1.0e-9
6475	       1.0e-9
6480	       1.0e-9
6485	       1.0e-9
6490	       1.0e-9
6495	       1.0e-9
6500	       1.0e-9
6505	       1.0e-9
6510	       1.0e-9
6515	       1.0e-9
6520	       1.0e-9
6525	       1.0e-9
6530	       1.0e-9
6535	       1.0e-9
6540	       1.0e-9
6545	       1.0e-9
6550	       1.0e-9
6555	       1.0e-9
6560	       1.0e-9
6565	       1.0e-9
6570	       1.0e-9
6575	       1.0e-9
6580	       1.0e-9
6585	       1.0e-9
6590	       1.0e-9
6595	       1.0e-9
6600	       1.0e-9
6605	       1.0e-9
6610	       1.0e-9
6615	       1.0e-9
6620	       1.0e-9
6625	       1.0e-9
6630	       1.0e-9
6635	       1.0e-9
6640	       1.0e-9
6645	       1.0e-9
6650	       1.0e-9
6655	       1.0e-9
6660	       1.0e-9
6665	       1.0e-9
6670	       1.0e-9
6675	       1.0e-9
6680	       1.0e-9
6685	       1.0e-9
6690	       1.0e-9
6695	       1.0e-9
6700	       1.0e-9
6705	       1.0e-9
6710	       1.0e-9
6715	       1.0e-9
6720	       1.0e-9
6725	       1.0e-9
6730	       1.0e-9
6735	       1.0e-9
6740	       1.0e-9
6745	       1.0e-9
6750	       1.0e-9
6755	       1.0e-9
6760	       1.0e-9
6765	       1.0e-9
6770	       1.0e-9
6775	       1.0e-9
6780	       1.0e-9
6785	       1.0e-9
6790	       1.0e-9
6795	       1.0e-9
6800	       1.0e-9
6805	       1.0e-9
6810	       1.0e-9
6815	       1.0e-9
6820	       1.0e-9
6825	       1.0e-9
6830	       1.0e-9
6835	       1.0e-9
6840	       1.0e-9
6845	       1.0e-9
6850	       1.0e-9
6855	       1.0e-9
6860	       1.0e-9
6865	       1.0e-9
6870	       1.0e-9
6875	       1.0e-9
6880	       1.0e-9
6885	       1.0e-9
6890	       1.0e-9
6895	       1.0e-9
6900	       1.0e-9
6905	       1.0e-9
6910	       1.0e-9
6915	       1.0e-9
6920	       1.0e-9
6925	       1.0e-9
6930	       1.0e-9
6935	       1.0e-9
6940	       1.0e-9
6945	       1.0e-9
6950	       1.0e-9
6955	       1.0e-9
6960	       1.0e-9
6965	       1.0e-9
6970	       1.0e-9
6975	       1.0e-9
6980	       1.0e-9
6985	       1.0e-9
6990	       1.0e-9
6995	       1.0e-9
7000	       1.0e-9
7005	       1.0e-9
7010	       1.0e-9
7015	       1.0e-9
7020	       1.0e-9
7025	       1.0e-9
7030	       1.0e-9
7035	       1.0e-9
7040	       1.0e-9
7045	       1.0e-9
7050	       1.0e-9
7055	       1.0e-9
7060	       1.0e-9
7065	       1.0e-9
7070	       1.0e-9
7075	       1.0e-9
7080	       1.0e-9
7085	       1.0e-9
7090	       1.0e-9
7095	       1.0e-9
7100	       1.0e-9
7105	       1.0e-9
7110	       1.0e-9
7115	       1.0e-9
7120	       1.0e-9
7125	       1.0e-9
7130	       1.0e-9
7135	       1.0e-9
7140	       1.0e-9
7145	       1.0e-9
7150	       1.0e-9
7155	       1.0e-9
7160	       1.0e-9
7165	       1.0e-9
7170	       1.0e-9
7175	       1.0e-9
7180	       1.0e-9
7185	       1.0e-9
7190	       1.0e-9
7195	       1.0e-9
7200	       1.0e-9
7205	       1.0e-9
7210	       1.0e-9
7215	       1.0e-9
7220	       1.0e-9
7225	       1.0e-9
7230	       1.0e-9
7235	       1.0e-9
7240	       1.0e-9
7245	       1.0e-9
7250	       1.0e-9
7255	       1.0e-9
7260	       1.0e-9
7265	       1.0e-9
7270	       1.0e-9
7275	       1.0e-9
7280	       1.0e-9
7285	       1.0e-9
7290	       1.0e-9
7295	       1.0e-9
7300	       1.0e-9
7305	       1.0e-9
7310	       1.0e-9
7315	       1.0e-9
7320	       1.0e-9
7325	       1.0e-9
7330	       1.0e-9
7335	       1.0e-9
7340	       1.0e-9
7345	       1.0e-9
7350	       1.0e-9
7355	       1.0e-9
7360	       1.0e-9
7365	       1.0e-9
7370	       1.0e-9
7375	       1.0e-9
7380	       1.0e-9
7385	       1.0e-9
7390	       1.0e-9
7395	       1.0e-9
7400	       1.0e-9
7405	       1.0e-9
7410	       1.0e-9
7415	       1.0e-9
7420	       1.0e-9
7425	       1.0e-9
7430	       1.0e-9
7435	       1.0e-9
7440	       1.0e-9
7445	       1.0e-9
7450	       1.0e-9
7455	       1.0e-9
7460	       1.0e-9
7465	       1.0e-9
7470	       1.0e-9
7475	       1.0e-9
7480	       1.0e-9
7485	       1.0e-9
7490	       1.0e-9
7495	       1.0e-9
7500	       1.0e-9
7505	       1.0e-9
7510	       1.0e-9
7515	       1.0e-9
7520	       1.0e-9
7525	       1.0e-9
7530	       1.0e-9
7535	       1.0e-9
7540	       1.0e-9
7545	       1.0e-9
7550	       1.0e-9
7555	       1.0e-9
7560	       1.0e-9
7565	       1.0e-9
7570	       1.0e-9
7575	       1.0e-9
7580	       1.0e-9
7585	       1.0e-9
7590	       1.0e-9
7595	       1.0e-9
7600	       1.0e-9
7605	       1.0e-9
7610	       1.0e-9
7615	       1.0e-9
7620	       1.0e-9
7625	       1.0e-9
7630	       1.0e-9
7635	       1.0e-9
7640	       1.0e-9
7645	       1.0e-9
7650	       1.0e-9
7655	       1.0e-9
7660	       1.0e-9
7665	       1.0e-9
7670	       1.0e-9
7675	       1.0e-9
7680	       1.0e-9
7685	       1.0e-9
7690	       1.0e-9
7695	       1.0e-9
7700	       1.0e-9
7705	       1.0e-9
7710	       1.0e-9
7715	       1.0e-9
7720	       1.0e-9
7725	       1.0e-9
7730	       1.0e-9
7735	       1.0e-9
7740	       1.0e-9
7745	       1.0e-9
7750	       1.0e-9
7755	       1.0e-9
7760	       1.0e-9
7765	       1.0e-9
7770	       1.0e-9
7775	       1.0e-9
7780	       1.0e-9
7785	       1.0e-9
7790	       1.0e-9
7795	       1.0e-9
7800	       1.0e-9
7805	       1.0e-9
7810	       1.0e-9
7815	       1.0e-9
7820	       1.0e-9
7825	       1.0e-9
7830	       1.0e-9
7835	       1.0e-9
7840	       1.0e-9
7845	       1.0e-9
7850	       1.0e-9
7855	       1.0e-9
7860	       1.0e-9
7865	       1.0e-9
7870	       1.0e-9
7875	       1.0e-9
7880	       1.0e-9
7885	       1.0e-9
7890	       1.0e-9
7895	       1.0e-9
7900	       1.0e-9
7905	       1.0e-9
7910	       1.0e-9
7915	       1.0e-9
7920	       1.0e-9
7925	       1.0e-9
7930	       1.0e-9
7935	       1.0e-9
7940	       1.0e-9
7945	       1.0e-9
7950	       1.0e-9
7955	       1.0e-9
7960	       1.0e-9
7965	       1.0e-9
7970	       1.0e-9
7975	       1.0e-9
7980	       1.0e-9
7985	       1.0e-9
7990	       1.0e-9
7995	       1.0e-9
8000	       1.0e-9
8005	       1.0e-9
8010	       1.0e-9
8015	       1.0e-9
8020	       1.0e-9
8025	       1.0e-9
8030	       1.0e-9
8035	       1.0e-9
8040	       1.0e-9
8045	       1.0e-9
8050	       1.0e-9
8055	       1.0e-9
8060	       1.0e-9
8065	       1.0e-9
8070	       1.0e-9
8075	       1.0e-9
8080	       1.0e-9
8085	       1.0e-9
8090	       1.0e-9
8095	       1.0e-9
8100	       1.0e-9
8105	       1.0e-9
8110	       1.0e-9
8115	       1.0e-9
8120	       1.0e-9
8125	       1.0e-9
8130	       1.0e-9
8135	       1.0e-9
8140	       1.0e-9
8145	       1.0e-9
8150	       1.0e-9
8155	       1.0e-9
8160	       1.0e-9
8165	       1.0e-9
8170	       1.0e-9
8175	       1.0e-9
8180	       1.0e-9
8185	       1.0e-9
8190	       1.0e-9
8195	       1.0e-9
8200	       1.0e-9
8205	       1.0e-9
8210	       1.0e-9
8215	       1.0e-9
8220	       1.0e-9
8225	       1.0e-9
8230	       1.0e-9
8235	       1.0e-9
8240	       1.0e-9
8245	       1.0e-9
8250	       1.0e-9
8255	       1.0e-9
8260	       1.0e-9
8265	       1.0e-9
8270	       1.0e-9
8275	       1.0e-9
8280	       1.0e-9
8285	       1.0e-9
8290	       1.0e-9
8295	       1.0e-9
8300	       1.0e-9
8305	       1.0e-9
8310	       1.0e-9
8315	       1.0e-9
8320	       1.0e-9
8325	       1.0e-9
8330	       1.0e-9
8335	       1.0e-9
8340	       1.0e-9
8345	       1.0e-9
8350	       1.0e-9
8355	       1.0e-9
8360	       1.0e-9
8365	       1.0e-9
8370	       1.0e-9
8375	       1.0e-9
8380	       1.0e-9
8385	       1.0e-9
8390	       1.0e-9
8395	       1.0e-9
8400	       1.0e-9
8405	       1.0e-9
8410	       1.0e-9
8415	       1.0e-9
8420	       1.0e-9
8425	       1.0e-9
8430	       1.0e-9
8435	       1.0e-9
8439.6643      1.0e-9
8440.0312      1.0e-9
8440.3982      1.0e-9
8440.7651      1.0e-9
8441.1321      1.0e-9
8441.4991      1.0e-9
8441.8662      1.0e-9
8442.2332      1.0e-9
8442.6002      1.0e-9
8442.9673      1.0e-9
8443.3344      1.0e-9
8443.7015      1.0e-9
8444.0686      1.0e-9
8444.4358      1.0e-9
8444.8029      1.0e-9
8445.1701      1.0e-9
8445.5372      1.0e-9
8445.9044      1.0e-9
8446.2717      1.0e-9
8446.6389      1.0e-9
8447.0061      1.0e-9
8447.3734      1.0e-9
8447.7407      1.0e-9
8448.108       1.0e-9
8448.4753      1.0e-9
8448.8426      1.0e-9
8449.2099      1.0e-9
8449.5773      1.0e-9
8449.9447      1.0e-9
8450.3121      1.0e-9
8450.6795      1.0e-9
8451.0469      1.0e-9
8451.4143      1.0e-9
8451.7818      1.0e-9
8452.1492      1.0e-9
8452.5167      1.0e-9
8452.8842      1.0e-9
8453.2517      1.0e-9
8453.6193      1.0e-9
8453.9868      1.0e-9
8454.3544      1.0e-9
8454.722       1.0e-9
8455.0896      1.0e-9
8455.4572      1.0e-9
8455.8248      1.0e-9
8456.1925      1.0e-9
8456.5601      1.0e-9
8456.9278      1.0e-9
8457.2955      1.0e-9
8457.6632      1.0e-9
8458.0309      1.0e-9
8458.3987      1.0e-9
8458.7664      1.0e-9
8459.1342      1.0e-9
8459.502       1.0e-9
8459.8698      1.0e-9
8460.2376      1.0e-9
8460.6054      1.0e-9
8460.9733      1.0e-9
8461.3412      1.0e-9
8461.709       1.0e-9
8462.0769      1.0e-9
8462.4449      1.0e-9
8462.8128      1.0e-9
8463.1807      1.0e-9
8463.5487      1.0e-9
8463.9167      1.0e-9
8464.2847      1.0e-9
8464.6527      1.0e-9
8465.0207      1.0e-9
8465.3888      1.0e-9
8465.7568      1.0e-9
8466.1249      1.0e-9
8466.493       1.0e-9
8466.8611      1.0e-9
8467.2292      1.0e-9
8467.5974      1.0e-9
8467.9655      1.0e-9
8468.3337      1.0e-9
8468.7019      1.0e-9
8469.0701      1.0e-9
8469.4383      1.0e-9
8469.8065      1.0e-9
8470.1748      1.0e-9
8470.5431      1.0e-9
8470.9113      1.0e-9
8471.2797      1.0e-9
8471.648       1.0e-9
8472.0163      1.0e-9
8472.3846      1.0e-9
8472.753       1.0e-9
8473.1214      1.0e-9
8473.4898      1.0e-9
8473.8582      1.0e-9
8474.2266      1.0e-9
8474.5951      1.0e-9
8474.9635      1.0e-9
8475.332       1.0e-9
8475.7005      1.0e-9
8476.069       1.0e-9
8476.4375      1.0e-9
8476.8061      1.0e-9
8477.1746      1.0e-9
8477.5432      1.0e-9
8477.9118      1.0e-9
8478.2804      1.0e-9
8478.649       1.0e-9
8479.0177      1.0e-9
8479.3863      1.0e-9
8479.755       1.0e-9
8480.1237      1.0e-9
8480.4924      1.0e-9
8480.8611      1.0e-9
8481.2298      1.0e-9
8481.5986      1.0e-9
8481.9673      1.0e-9
8482.3361      1.0e-9
8482.7049      1.0e-9
8483.0737      1.0e-9
8483.4426      1.0e-9
8483.8114      1.0e-9
8484.1803      1.0e-9
8484.5491      1.0e-9
8484.918       1.0e-9
8485.2869      1.0e-9
8485.6559      1.0e-9
8486.0248      1.0e-9
8486.3938      1.0e-9
8486.7627      1.0e-9
8487.1317      1.0e-9
8487.5007      1.0e-9
8487.8698      1.0e-9
8488.2388      1.0e-9
8488.6078      1.0e-9
8488.9769      1.0e-9
8489.346       1.0e-9
8489.7151      1.0e-9
8490.0842      1.0e-9
8490.4534      1.0e-9
8490.8225      1.0e-9
8491.1917      1.0e-9
8491.5609      1.0e-9
8491.9301      1.0e-9
8492.2993      1.0e-9
8492.6685      1.0e-9
8493.0377      1.0e-9
8493.407       1.0e-9
8493.7763      1.0e-9
8494.1456      1.0e-9
8494.5149      1.0e-9
8494.8842      1.0e-9
8495.2536      1.0e-9
8495.6229      1.0e-9
8495.9923      1.0e-9
8496.3617      1.0e-9
8496.7311      1.0e-9
8497.1005      1.0e-9
8497.47	       1.0e-9
8497.8394      1.0e-9
8498.2089      1.0e-9
8498.5784      1.0e-9
8498.9479      1.0e-9
8499.3174      1.0e-9
8499.6869      1.0e-9
8500.0565      1.0e-9
8500.426       1.0e-9
8500.7956      1.0e-9
8501.1652      1.0e-9
8501.5348      1.0e-9
8501.9045      1.0e-9
8502.2741      1.0e-9
8502.6438      1.0e-9
8503.0135      1.0e-9
8503.3832      1.0e-9
8503.7529      1.0e-9
8504.1226      1.0e-9
8504.4924      1.0e-9
8504.8621      1.0e-9
8505.2319      1.0e-9
8505.6017      1.0e-9
8505.9715      1.0e-9
8506.3413      1.0e-9
8506.7112      1.0e-9
8507.081       1.0e-9
8507.4509      1.0e-9
8507.8208      1.0e-9
8508.1907      1.0e-9
8508.5606      1.0e-9
8508.9305      1.0e-9
8509.3005      1.0e-9
8509.6705      1.0e-9
8510.0404      1.0e-9
8510.4105      1.0e-9
8510.7805      1.0e-9
8511.1505      1.0e-9
8511.5206      1.0e-9
8511.8906      1.0e-9
8512.2607      1.0e-9
8512.6308      1.0e-9
8513.0009      1.0e-9
8513.371       1.0e-9
8513.7412      1.0e-9
8514.1114      1.0e-9
8514.4815      1.0e-9
8514.8517      1.0e-9
8515.2219      1.0e-9
8515.5922      1.0e-9
8515.9624      1.0e-9
8516.3327      1.0e-9
8516.7029      1.0e-9
8517.0732      1.0e-9
8517.4435      1.0e-9
8517.8139      1.0e-9
8518.1842      1.0e-9
8518.5546      1.0e-9
8518.9249      1.0e-9
8519.2953      1.0e-9
8519.6657      1.0e-9
8520.0361      1.0e-9
8520.4066      1.0e-9
8520.777       1.0e-9
8521.1475      1.0e-9
8521.518       1.0e-9
8521.8885      1.0e-9
8522.259       1.0e-9
8522.6295      1.0e-9
8523.0001      1.0e-9
8523.3707      1.0e-9
8523.7412      1.0e-9
8524.1118      1.0e-9
8524.4824      1.0e-9
8524.8531      1.0e-9
8525.2237      1.0e-9
8525.5944      1.0e-9
8525.9651      1.0e-9
8526.3358      1.0e-9
8526.7065      1.0e-9
8527.0772      1.0e-9
8527.4479      1.0e-9
8527.8187      1.0e-9
8528.1895      1.0e-9
8528.5603      1.0e-9
8528.9311      1.0e-9
8529.3019      1.0e-9
8529.6727      1.0e-9
8530.0436      1.0e-9
8530.4145      1.0e-9
8530.7853      1.0e-9
8531.1562      1.0e-9
8531.5272      1.0e-9
8531.8981      1.0e-9
8532.2691      1.0e-9
8532.64        1.0e-9
8533.011       1.0e-9
8533.382       1.0e-9
8533.753       1.0e-9
8534.1241      1.0e-9
8534.4951      1.0e-9
8534.8662      1.0e-9
8535.2372      1.0e-9
8535.6083      1.0e-9
8535.9795      1.0e-9
8536.3506      1.0e-9
8536.7217      1.0e-9
8537.0929      1.0e-9
8537.4641      1.0e-9
8537.8353      1.0e-9
8538.2065      1.0e-9
8538.5777      1.0e-9
8538.9489      1.0e-9
8539.3202      1.0e-9
8539.6915      1.0e-9
8540.0628      1.0e-9
8540.4341      1.0e-9
8540.8054      1.0e-9
8541.1767      1.0e-9
8541.5481      1.0e-9
8541.9195      1.0e-9
8542.2909      1.0e-9
8542.6623      1.0e-9
8543.0337      1.0e-9
8543.4051      1.0e-9
8543.7766      1.0e-9
8544.148       1.0e-9
8544.5195      1.0e-9
8544.891       1.0e-9
8545.2625      1.0e-9
8545.6341      1.0e-9
8546.0056      1.0e-9
8546.3772      1.0e-9
8546.7488      1.0e-9
8547.1204      1.0e-9
8547.492       1.0e-9
8547.8636      1.0e-9
8548.2353      1.0e-9
8548.6069      1.0e-9
8548.9786      1.0e-9
8549.3503      1.0e-9
8549.722       1.0e-9
8550.0937      1.0e-9
8550.4655      1.0e-9
8550.8372      1.0e-9
8551.209       1.0e-9
8551.5808      1.0e-9
8551.9526      1.0e-9
8552.3244      1.0e-9
8552.6963      1.0e-9
8553.0681      1.0e-9
8553.44	       1.0e-9
8553.8119      1.0e-9
8554.1838      1.0e-9
8554.5557      1.0e-9
8554.9277      1.0e-9
8555.2996      1.0e-9
8555.6716      1.0e-9
8556.0436      1.0e-9
8556.4156      1.0e-9
8556.7876      1.0e-9
8557.1596      1.0e-9
8557.5317      1.0e-9
8557.9037      1.0e-9
8558.2758      1.0e-9
8558.6479      1.0e-9
8559.02	       1.0e-9
8559.3922      1.0e-9
8559.7643      1.0e-9
8560.1365      1.0e-9
8560.5087      1.0e-9
8560.8808      1.0e-9
8561.2531      1.0e-9
8561.6253      1.0e-9
8561.9975      1.0e-9
8562.3698      1.0e-9
8562.7421      1.0e-9
8563.1144      1.0e-9
8563.4867      1.0e-9
8563.859       1.0e-9
8564.2313      1.0e-9
8564.6037      1.0e-9
8564.9761      1.0e-9
8565.3485      1.0e-9
8565.7209      1.0e-9
8566.0933      1.0e-9
8566.4657      1.0e-9
8566.8382      1.0e-9
8567.2107      1.0e-9
8567.5831      1.0e-9
8567.9556      1.0e-9
8568.3282      1.0e-9
8568.7007      1.0e-9
8569.0733      1.0e-9
8569.4458      1.0e-9
8569.8184      1.0e-9
8570.191       1.0e-9
8570.5636      1.0e-9
8570.9363      1.0e-9
8571.3089      1.0e-9
8571.6816      1.0e-9
8572.0543      1.0e-9
8572.427       1.0e-9
8572.7997      1.0e-9
8573.1724      1.0e-9
8573.5451      1.0e-9
8573.9179      1.0e-9
8574.2907      1.0e-9
8574.6635      1.0e-9
8575.0363      1.0e-9
8575.4091      1.0e-9
8575.782       1.0e-9
8576.1548      1.0e-9
8576.5277      1.0e-9
8576.9006      1.0e-9
8577.2735      1.0e-9
8577.6464      1.0e-9
8578.0194      1.0e-9
8578.3923      1.0e-9
8578.7653      1.0e-9
8579.1383      1.0e-9
8579.5113      1.0e-9
8579.8843      1.0e-9
8580.2574      1.0e-9
8580.6304      1.0e-9
8581.0035      1.0e-9
8581.3766      1.0e-9
8581.7497      1.0e-9
8582.1228      1.0e-9
8582.4959      1.0e-9
8582.8691      1.0e-9
8583.2423      1.0e-9
8583.6154      1.0e-9
8583.9886      1.0e-9
8584.3619      1.0e-9
8584.7351      1.0e-9
8585.1083      1.0e-9
8585.4816      1.0e-9
8585.8549      1.0e-9
8586.2282      1.0e-9
8586.6015      1.0e-9
8586.9748      1.0e-9
8587.3482      1.0e-9
8587.7215      1.0e-9
8588.0949      1.0e-9
8588.4683      1.0e-9
8588.8417      1.0e-9
8589.2151      1.0e-9
8589.5886      1.0e-9
8589.9621      1.0e-9
8590.3355      1.0e-9
8590.709       1.0e-9
8591.0825      1.0e-9
8591.4561      1.0e-9
8591.8296      1.0e-9
8592.2032      1.0e-9
8592.5767      1.0e-9
8592.9503      1.0e-9
8593.3239      1.0e-9
8593.6976      1.0e-9
8594.0712      1.0e-9
8594.4448      1.0e-9
8594.8185      1.0e-9
8595.1922      1.0e-9
8595.5659      1.0e-9
8595.9396      1.0e-9
8596.3134      1.0e-9
8596.6871      1.0e-9
8597.0609      1.0e-9
8597.4347      1.0e-9
8597.8085      1.0e-9
8598.1823      1.0e-9
8598.5561      1.0e-9
8598.93        1.0e-9
8599.3038      1.0e-9
8599.6777      1.0e-9
8600.0516      1.0e-9
8600.4255      1.0e-9
8600.7995      1.0e-9
8601.1734      1.0e-9
8601.5474      1.0e-9
8601.9214      1.0e-9
8602.2954      1.0e-9
8602.6694      1.0e-9
8603.0434      1.0e-9
8603.4174      1.0e-9
8603.7915      1.0e-9
8604.1656      1.0e-9
8604.5397      1.0e-9
8604.9138      1.0e-9
8605.2879      1.0e-9
8605.6621      1.0e-9
8606.0362      1.0e-9
8606.4104      1.0e-9
8606.7846      1.0e-9
8607.1588      1.0e-9
8607.533       1.0e-9
8607.9073      1.0e-9
8608.2815      1.0e-9
8608.6558      1.0e-9
8609.0301      1.0e-9
8609.4044      1.0e-9
8609.7787      1.0e-9
8610.153       1.0e-9
8610.5274      1.0e-9
8610.9018      1.0e-9
8611.2762      1.0e-9
8611.6506      1.0e-9
8612.025       1.0e-9
8612.3994      1.0e-9
8612.7739      1.0e-9
8613.1483      1.0e-9
8613.5228      1.0e-9
8613.8973      1.0e-9
8614.2718      1.0e-9
8614.6464      1.0e-9
8615.0209      1.0e-9
8615.3955      1.0e-9
8615.7701      1.0e-9
8616.1447      1.0e-9
8616.5193      1.0e-9
8616.8939      1.0e-9
8617.2686      1.0e-9
8617.6432      1.0e-9
8618.0179      1.0e-9
8618.3926      1.0e-9
8618.7673      1.0e-9
8619.142       1.0e-9
8619.5168      1.0e-9
8619.8916      1.0e-9
8620.2663      1.0e-9
8620.6411      1.0e-9
8621.0159      1.0e-9
8621.3908      1.0e-9
8621.7656      1.0e-9
8622.1405      1.0e-9
8622.5153      1.0e-9
8622.8902      1.0e-9
8623.2651      1.0e-9
8623.6401      1.0e-9
8624.015       1.0e-9
8624.39        1.0e-9
8624.7649      1.0e-9
8625.1399      1.0e-9
8625.5149      1.0e-9
8625.89	       1.0e-9
8626.265       1.0e-9
8626.64        1.0e-9
8627.0151      1.0e-9
8627.3902      1.0e-9
8627.7653      1.0e-9
8628.1404      1.0e-9
8628.5156      1.0e-9
8628.8907      1.0e-9
8629.2659      1.0e-9
8629.6411      1.0e-9
8630.0163      1.0e-9
8630.3915      1.0e-9
8630.7667      1.0e-9
8631.142       1.0e-9
8631.5172      1.0e-9
8631.8925      1.0e-9
8632.2678      1.0e-9
8632.6431      1.0e-9
8633.0185      1.0e-9
8633.3938      1.0e-9
8633.7692      1.0e-9
8634.1446      1.0e-9
8634.52        1.0e-9
8634.8954      1.0e-9
8635.2708      1.0e-9
8635.6463      1.0e-9
8636.0217      1.0e-9
8636.3972      1.0e-9
8636.7727      1.0e-9
8637.1482      1.0e-9
8637.5237      1.0e-9
8637.8993      1.0e-9
8638.2748      1.0e-9
8638.6504      1.0e-9
8639.026       1.0e-9
8639.4016      1.0e-9
8639.7773      1.0e-9
8640.1529      1.0e-9
8640.5286      1.0e-9
8640.9042      1.0e-9
8641.2799      1.0e-9
8641.6556      1.0e-9
8642.0314      1.0e-9
8642.4071      1.0e-9
8642.7829      1.0e-9
8643.1586      1.0e-9
8643.5344      1.0e-9
8643.9102      1.0e-9
8644.286       1.0e-9
8644.6619      1.0e-9
8645.0377      1.0e-9
8645.4136      1.0e-9
8645.7895      1.0e-9
8646.1654      1.0e-9
8646.5413      1.0e-9
8646.9173      1.0e-9
8647.2932      1.0e-9
8647.6692      1.0e-9
8648.0452      1.0e-9
8648.4212      1.0e-9
8648.7972      1.0e-9
8649.1732      1.0e-9
8649.5493      1.0e-9
8649.9253      1.0e-9
8650.3014      1.0e-9
8650.6775      1.0e-9
8651.0536      1.0e-9
8651.4298      1.0e-9
8651.8059      1.0e-9
8652.1821      1.0e-9
8652.5583      1.0e-9
8652.9345      1.0e-9
8653.3107      1.0e-9
8653.6869      1.0e-9
8654.0632      1.0e-9
8654.4394      1.0e-9
8654.8157      1.0e-9
8655.192       1.0e-9
8655.5683      1.0e-9
8655.9446      1.0e-9
8656.321       1.0e-9
8656.6973      1.0e-9
8657.0737      1.0e-9
8657.4501      1.0e-9
8657.8265      1.0e-9
8658.203       1.0e-9
8658.5794      1.0e-9
8658.9559      1.0e-9
8659.3323      1.0e-9
8659.7088      1.0e-9
8660.0853      1.0e-9
8660.4619      1.0e-9
8660.8384      1.0e-9
8661.215       1.0e-9
8661.5915      1.0e-9
8661.9681      1.0e-9
8662.3447      1.0e-9
8662.7214      1.0e-9
8663.098       1.0e-9
8663.4747      1.0e-9
8663.8513      1.0e-9
8664.228       1.0e-9
8664.6047      1.0e-9
8664.9814      1.0e-9
8665.3582      1.0e-9
8665.7349      1.0e-9
8666.1117      1.0e-9
8666.4885      1.0e-9
8666.8653      1.0e-9
8667.2421      1.0e-9
8667.619       1.0e-9
8667.9958      1.0e-9
8668.3727      1.0e-9
8668.7496      1.0e-9
8669.1265      1.0e-9
8669.5034      1.0e-9
8669.8803      1.0e-9
8670.2573      1.0e-9
8670.6342      1.0e-9
8671.0112      1.0e-9
8671.3882      1.0e-9
8671.7652      1.0e-9
8672.1423      1.0e-9
8672.5193      1.0e-9
8672.8964      1.0e-9
8673.2735      1.0e-9
8673.6506      1.0e-9
8674.0277      1.0e-9
8674.4048      1.0e-9
8674.782       1.0e-9
8675.1591      1.0e-9
8675.5363      1.0e-9
8675.9135      1.0e-9
8676.2907      1.0e-9
8676.668       1.0e-9
8677.0452      1.0e-9
8677.4225      1.0e-9
8677.7997      1.0e-9
8678.177       1.0e-9
8678.5543      1.0e-9
8678.9317      1.0e-9
8679.309       1.0e-9
8679.6864      1.0e-9
8680.0638      1.0e-9
8680.4412      1.0e-9
8680.8186      1.0e-9
8681.196       1.0e-9
8681.5734      1.0e-9
8681.9509      1.0e-9
8682.3284      1.0e-9
8682.7059      1.0e-9
8683.0834      1.0e-9
8683.4609      1.0e-9
8683.8384      1.0e-9
8684.216       1.0e-9
8684.5936      1.0e-9
8684.9712      1.0e-9
8685.3488      1.0e-9
8685.7264      1.0e-9
8686.104       1.0e-9
8686.4817      1.0e-9
8686.8594      1.0e-9
8687.2371      1.0e-9
8687.6148      1.0e-9
8687.9925      1.0e-9
8688.3702      1.0e-9
8688.748       1.0e-9
8689.1257      1.0e-9
8689.5035      1.0e-9
8689.8813      1.0e-9
8690.2592      1.0e-9
8690.637       1.0e-9
8691.0149      1.0e-9
8691.3927      1.0e-9
8691.7706      1.0e-9
8692.1485      1.0e-9
8692.5264      1.0e-9
8692.9044      1.0e-9
8693.2823      1.0e-9
8693.6603      1.0e-9
8694.0383      1.0e-9
8694.4163      1.0e-9
8694.7943      1.0e-9
8695.1723      1.0e-9
8695.5504      1.0e-9
8695.9284      1.0e-9
8696.3065      1.0e-9
8696.6846      1.0e-9
8697.0627      1.0e-9
8697.4409      1.0e-9
8697.819       1.0e-9
8698.1972      1.0e-9
8698.5754      1.0e-9
8698.9536      1.0e-9
8699.3318      1.0e-9
8699.71	       1.0e-9
8700.0883      1.0e-9
8700.4665      1.0e-9
8700.8448      1.0e-9
8701.2231      1.0e-9
8701.6014      1.0e-9
8701.9798      1.0e-9
8702.3581      1.0e-9
8702.7365      1.0e-9
8703.1149      1.0e-9
8703.4932      1.0e-9
8703.8717      1.0e-9
8704.2501      1.0e-9
8704.6285      1.0e-9
8705.007       1.0e-9
8705.3855      1.0e-9
8705.764       1.0e-9
8706.1425      1.0e-9
8706.521       1.0e-9
8706.8996      1.0e-9
8707.2781      1.0e-9
8707.6567      1.0e-9
8708.0353      1.0e-9
8708.4139      1.0e-9
8708.7925      1.0e-9
8709.1712      1.0e-9
8709.5498      1.0e-9
8709.9285      1.0e-9
8710.3072      1.0e-9
8710.6859      1.0e-9
8711.0646      1.0e-9
8711.4434      1.0e-9
8711.8221      1.0e-9
8712.2009      1.0e-9
8712.5797      1.0e-9
8712.9585      1.0e-9
8713.3373      1.0e-9
8713.7162      1.0e-9
8714.095       1.0e-9
8714.4739      1.0e-9
8714.8528      1.0e-9
8715.2317      1.0e-9
8715.6106      1.0e-9
8715.9896      1.0e-9
8716.3685      1.0e-9
8716.7475      1.0e-9
8717.1265      1.0e-9
8717.5055      1.0e-9
8717.8845      1.0e-9
8718.2635      1.0e-9
8718.6426      1.0e-9
8719.0217      1.0e-9
8719.4008      1.0e-9
8719.7799      1.0e-9
8720.159       1.0e-9
8720.5381      1.0e-9
8720.9173      1.0e-9
8721.2964      1.0e-9
8721.6756      1.0e-9
8722.0548      1.0e-9
8722.4341      1.0e-9
8722.8133      1.0e-9
8723.1925      1.0e-9
8723.5718      1.0e-9
8723.9511      1.0e-9
8724.3304      1.0e-9
8724.7097      1.0e-9
8725.0891      1.0e-9
8725.4684      1.0e-9
8725.8478      1.0e-9
8726.2272      1.0e-9
8726.6066      1.0e-9
8726.986       1.0e-9
8727.3654      1.0e-9
8727.7449      1.0e-9
8728.1243      1.0e-9
8728.5038      1.0e-9
8728.8833      1.0e-9
8729.2628      1.0e-9
8729.6424      1.0e-9
8730.0219      1.0e-9
8730.4015      1.0e-9
8730.7811      1.0e-9
8731.1607      1.0e-9
8731.5403      1.0e-9
8731.9199      1.0e-9
8732.2996      1.0e-9
8732.6792      1.0e-9
8733.0589      1.0e-9
8733.4386      1.0e-9
8733.8183      1.0e-9
8734.198       1.0e-9
8734.5778      1.0e-9
8734.9576      1.0e-9
8735.3373      1.0e-9
8735.7171      1.0e-9
8736.097       1.0e-9
8736.4768      1.0e-9
8736.8566      1.0e-9
8737.2365      1.0e-9
8737.6164      1.0e-9
8737.9963      1.0e-9
8738.3762      1.0e-9
8738.7561      1.0e-9
8739.1361      1.0e-9
8739.516       1.0e-9
8739.896       1.0e-9
8740.276       1.0e-9
8740.656       1.0e-9
8741.036       1.0e-9
8741.4161      1.0e-9
8741.7961      1.0e-9
8742.1762      1.0e-9
8742.5563      1.0e-9
8742.9364      1.0e-9
8743.3166      1.0e-9
8743.6967      1.0e-9
8744.0769      1.0e-9
8744.457       1.0e-9
8744.8372      1.0e-9
8745.2174      1.0e-9
8745.5977      1.0e-9
8745.9779      1.0e-9
8746.3582      1.0e-9
8746.7384      1.0e-9
8747.1187      1.0e-9
8747.499       1.0e-9
8747.8794      1.0e-9
8748.2597      1.0e-9
8748.6401      1.0e-9
8749.0205      1.0e-9
8749.4008      1.0e-9
8749.7813      1.0e-9
8750.1617      1.0e-9
8750.5421      1.0e-9
8750.9226      1.0e-9
8751.3031      1.0e-9
8751.6835      1.0e-9
8752.0641      1.0e-9
8752.4446      1.0e-9
8752.8251      1.0e-9
8753.2057      1.0e-9
8753.5863      1.0e-9
8753.9668      1.0e-9
8754.3474      1.0e-9
8754.7281      1.0e-9
8755.1087      1.0e-9
8755.4894      1.0e-9
8755.87        1.0e-9
8756.2507      1.0e-9
8756.6314      1.0e-9
8757.0122      1.0e-9
8757.3929      1.0e-9
8757.7737      1.0e-9
8758.1544      1.0e-9
8758.5352      1.0e-9
8758.916       1.0e-9
8759.2968      1.0e-9
8759.6777      1.0e-9
8760.0585      1.0e-9
8760.4394      1.0e-9
8760.8203      1.0e-9
8761.2012      1.0e-9
8761.5821      1.0e-9
8761.9631      1.0e-9
8762.344       1.0e-9
8762.725       1.0e-9
8763.106       1.0e-9
8763.487       1.0e-9
8763.868       1.0e-9
8764.249       1.0e-9
8764.6301      1.0e-9
8765.0112      1.0e-9
8765.3923      1.0e-9
8765.7734      1.0e-9
8766.1545      1.0e-9
8766.5356      1.0e-9
8766.9168      1.0e-9
8767.2979      1.0e-9
8767.6791      1.0e-9
8768.0603      1.0e-9
8768.4416      1.0e-9
8768.8228      1.0e-9
8769.204       1.0e-9
8769.5853      1.0e-9
8769.9666      1.0e-9
8770.3479      1.0e-9
8770.7292      1.0e-9
8771.1106      1.0e-9
8771.4919      1.0e-9
8771.8733      1.0e-9
8772.2547      1.0e-9
8772.6361      1.0e-9
8773.0175      1.0e-9
8773.3989      1.0e-9
8773.7804      1.0e-9
8774.1618      1.0e-9
8774.5433      1.0e-9
8774.9248      1.0e-9
8775.3064      1.0e-9
8775.6879      1.0e-9
8776.0694      1.0e-9
8776.451       1.0e-9
8776.8326      1.0e-9
8777.2142      1.0e-9
8777.5958      1.0e-9
8777.9774      1.0e-9
8778.3591      1.0e-9
8778.7408      1.0e-9
8779.1224      1.0e-9
8779.5041      1.0e-9
8779.8859      1.0e-9
8780.2676      1.0e-9
8785	       1.0e-9
8790	       1.0e-9
8795	       1.0e-9
8800	       1.0e-9
8805	       1.0e-9
8810	       1.0e-9
8815	       1.0e-9
8820	       1.0e-9
8825	       1.0e-9
8830	       1.0e-9
8835	       1.0e-9
8840	       1.0e-9
8845	       1.0e-9
8850	       1.0e-9
8855	       1.0e-9
8860	       1.0e-9
8865	       1.0e-9
8870	       1.0e-9
8875	       1.0e-9
8880	       1.0e-9
8885	       1.0e-9
8890	       1.0e-9
8895	       1.0e-9
8900	       1.0e-9
8905	       1.0e-9
8910	       1.0e-9
8915	       1.0e-9
8920	       1.0e-9
8925	       1.0e-9
8930	       1.0e-9
8935	       1.0e-9
8940	       1.0e-9
8945	       1.0e-9
8950	       1.0e-9
8955	       1.0e-9
8960	       1.0e-9
8965	       1.0e-9
8970	       1.0e-9
8975	       1.0e-9
8980	       1.0e-9
8985	       1.0e-9
8990	       1.0e-9
8995	       1.0e-9
9000	       1.0e-9
9005	       1.0e-9
9010	       1.0e-9
9015	       1.0e-9
9020	       1.0e-9
9025	       1.0e-9
9030	       1.0e-9
9035	       1.0e-9
9040	       1.0e-9
9045	       1.0e-9
9050	       1.0e-9
9055	       1.0e-9
9060	       1.0e-9
9065	       1.0e-9
9070	       1.0e-9
9075	       1.0e-9
9080	       1.0e-9
9085	       1.0e-9
9090	       1.0e-9
9095	       1.0e-9
9100	       1.0e-9
9105	       1.0e-9
9110	       1.0e-9
9115	       1.0e-9
9120	       1.0e-9
9125	       1.0e-9
9130	       1.0e-9
9135	       1.0e-9
9140	       1.0e-9
9145	       1.0e-9
9150	       1.0e-9
9155	       1.0e-9
9160	       1.0e-9
9165	       1.0e-9
9170	       1.0e-9
9175	       1.0e-9
9180	       1.0e-9
9185	       1.0e-9
9190	       1.0e-9
9195	       1.0e-9
9200	       1.0e-9
9205	       1.0e-9
9210	       1.0e-9
9215	       1.0e-9
9220	       1.0e-9
9225	       1.0e-9
9230	       1.0e-9
9235	       1.0e-9
9240	       1.0e-9
9245	       1.0e-9
9250	       1.0e-9
9255	       1.0e-9
9260	       1.0e-9
9265	       1.0e-9
9270	       1.0e-9
9275	       1.0e-9
9280	       1.0e-9
9285	       1.0e-9
9290	       1.0e-9
9295	       1.0e-9
9300	       1.0e-9
9305	       1.0e-9
9310	       1.0e-9
9315	       1.0e-9
9320	       1.0e-9
9325	       1.0e-9
9330	       1.0e-9
9335	       1.0e-9
9340	       1.0e-9
9345	       1.0e-9
9350	       1.0e-9
9355	       1.0e-9
9360	       1.0e-9
9365	       1.0e-9
9370	       1.0e-9
9375	       1.0e-9
9380	       1.0e-9
9385	       1.0e-9
9390	       1.0e-9
9395	       1.0e-9
9400	       1.0e-9
9405	       1.0e-9
9410	       1.0e-9
9415	       1.0e-9
9420	       1.0e-9
9425	       1.0e-9
9430	       1.0e-9
9435	       1.0e-9
9440	       1.0e-9
9445	       1.0e-9
9450	       1.0e-9
9455	       1.0e-9
9460	       1.0e-9
9465	       1.0e-9
9470	       1.0e-9
9475	       1.0e-9
9480	       1.0e-9
9485	       1.0e-9
9490	       1.0e-9
9495	       1.0e-9
9500	       1.0e-9
9505	       1.0e-9
9510	       1.0e-9
9515	       1.0e-9
9520	       1.0e-9
9525	       1.0e-9
9530	       1.0e-9
9535	       1.0e-9
9540	       1.0e-9
9545	       1.0e-9
9550	       1.0e-9
9555	       1.0e-9
9560	       1.0e-9
9565	       1.0e-9
9570	       1.0e-9
9575	       1.0e-9
9580	       1.0e-9
9585	       1.0e-9
9590	       1.0e-9
9595	       1.0e-9
9600	       1.0e-9
9605	       1.0e-9
9610	       1.0e-9
9615	       1.0e-9
9620	       1.0e-9
9625	       1.0e-9
9630	       1.0e-9
9635	       1.0e-9
9640	       1.0e-9
9645	       1.0e-9
9650	       1.0e-9
9655	       1.0e-9
9660	       1.0e-9
9665	       1.0e-9
9670	       1.0e-9
9675	       1.0e-9
9680	       1.0e-9
9685	       1.0e-9
9690	       1.0e-9
9695	       1.0e-9
9700	       1.0e-9
9705	       1.0e-9
9710	       1.0e-9
9715	       1.0e-9
9720	       1.0e-9
9725	       1.0e-9
9730	       1.0e-9
9735	       1.0e-9
9740	       1.0e-9
9745	       1.0e-9
9750	       1.0e-9
9755	       1.0e-9
9760	       1.0e-9
9765	       1.0e-9
9770	       1.0e-9
9775	       1.0e-9
9780	       1.0e-9
9785	       1.0e-9
9790	       1.0e-9
9795	       1.0e-9
9800	       1.0e-9
9805	       1.0e-9
9810	       1.0e-9
9815	       1.0e-9
9820	       1.0e-9
9825	       1.0e-9
9830	       1.0e-9
9835	       1.0e-9
9840	       1.0e-9
9845	       1.0e-9
9850	       1.0e-9
9855	       1.0e-9
9860	       1.0e-9
9865	       1.0e-9
9870	       1.0e-9
9875	       1.0e-9
9880	       1.0e-9
9885	       1.0e-9
9890	       1.0e-9
9895	       1.0e-9
9900	       1.0e-9
9905	       1.0e-9
9910	       1.0e-9
9915	       1.0e-9
9920	       1.0e-9
9925	       1.0e-9
9930	       1.0e-9
9935	       1.0e-9
9940	       1.0e-9
9945	       1.0e-9
9950	       1.0e-9
9955	       1.0e-9
9960	       1.0e-9
9965	       1.0e-9
9970	       1.0e-9
9975	       1.0e-9
9980	       1.0e-9
9985	       1.0e-9
9990	       1.0e-9
9995	       1.0e-9
10000	       1.0e-9
10005	       1.0e-9
10010	       1.0e-9
10015	       1.0e-9
10020	       1.0e-9
10025	       1.0e-9
10030	       1.0e-9
10035	       1.0e-9
10040	       1.0e-9
10045	       1.0e-9
10050	       1.0e-9
10055	       1.0e-9
10060	       1.0e-9
10065	       1.0e-9
10070	       1.0e-9
10075	       1.0e-9
10080	       1.0e-9
10085	       1.0e-9
10090	       1.0e-9
10095	       1.0e-9
10100	       1.0e-9
10105	       1.0e-9
10110	       1.0e-9
10115	       1.0e-9
10120	       1.0e-9
10125	       1.0e-9
10130	       1.0e-9
10135	       1.0e-9
10140	       1.0e-9
10145	       1.0e-9
10150	       1.0e-9
10155	       1.0e-9
10160	       1.0e-9
10165	       1.0e-9
10170	       1.0e-9
10175	       1.0e-9
10180	       1.0e-9
10185	       1.0e-9
10190	       1.0e-9
10195	       1.0e-9
10200	       1.0e-9
10205	       1.0e-9
10210	       1.0e-9
10215	       1.0e-9
10220	       1.0e-9
10225	       1.0e-9
10230	       1.0e-9
10235	       1.0e-9
10240	       1.0e-9
10245	       1.0e-9
10250	       1.0e-9
10255	       1.0e-9
10260	       1.0e-9
10265	       1.0e-9
10270	       1.0e-9
10275	       1.0e-9
10280	       1.0e-9
10285	       1.0e-9
10290	       1.0e-9
10295	       1.0e-9
10300	       1.0e-9
10305	       1.0e-9
10310	       1.0e-9
10315	       1.0e-9
10320	       1.0e-9
10325	       1.0e-9
10330	       1.0e-9
10335	       1.0e-9
10340	       1.0e-9
10345	       1.0e-9
10350	       1.0e-9
10355	       1.0e-9
10360	       1.0e-9
10365	       1.0e-9
10370	       1.0e-9
10375	       1.0e-9
10380	       1.0e-9
10385	       1.0e-9
10390	       1.0e-9
10395	       1.0e-9
10400	       1.0e-9
10405	       1.0e-9
10410	       1.0e-9
10415	       1.0e-9
10420	       1.0e-9
10425	       1.0e-9
10430	       1.0e-9
10435	       1.0e-9
10440	       1.0e-9
10445	       1.0e-9
10450	       1.0e-9
10455	       1.0e-9
10460	       1.0e-9
10465	       1.0e-9
10470	       1.0e-9
10475	       1.0e-9
10480	       1.0e-9
10485	       1.0e-9
10490	       1.0e-9
10495	       1.0e-9
10500	       1.0e-9
10505	       1.0e-9
10510	       1.0e-9
10515	       1.0e-9
10520	       1.0e-9
10525	       1.0e-9
10530	       1.0e-9
10535	       1.0e-9
10540	       1.0e-9
10545	       1.0e-9
10550	       1.0e-9
10555	       1.0e-9
10560	       1.0e-9
10565	       1.0e-9
10570	       1.0e-9
10575	       1.0e-9
10580	       1.0e-9
10585	       1.0e-9
10590	       1.0e-9
10595	       1.0e-9
10600	       1.0e-9
10605	       1.0e-9
10610	       1.0e-9
10615	       1.0e-9
10620	       1.0e-9
10625	       1.0e-9
10630	       1.0e-9
10635	       1.0e-9
10640	       1.0e-9
10645	       1.0e-9
10650	       1.0e-9
10655	       1.0e-9
10660	       1.0e-9
10665	       1.0e-9
10670	       1.0e-9
10675	       1.0e-9
10680	       1.0e-9
10685	       1.0e-9
10690	       1.0e-9
10695	       1.0e-9
10700	       1.0e-9
10705	       1.0e-9
10710	       1.0e-9
10715	       1.0e-9
10720	       1.0e-9
10725	       1.0e-9
10730	       1.0e-9
10735	       1.0e-9
10740	       1.0e-9
10745	       1.0e-9
10750	       1.0e-9
10755	       1.0e-9
10760	       1.0e-9
10765	       1.0e-9
10770	       1.0e-9
10775	       1.0e-9
10780	       1.0e-9
10785	       1.0e-9
10790	       1.0e-9
10795	       1.0e-9
10800	       1.0e-9
10805	       1.0e-9
10810	       1.0e-9
10815	       1.0e-9
10820	       1.0e-9
10825	       1.0e-9
10830	       1.0e-9
10835	       1.0e-9
10840	       1.0e-9
10845	       1.0e-9
10850	       1.0e-9
10855	       1.0e-9
10860	       1.0e-9
10865	       1.0e-9
10870	       1.0e-9
10875	       1.0e-9
10880	       1.0e-9
10885	       1.0e-9
10890	       1.0e-9
10895	       1.0e-9
10900	       1.0e-9
10905	       1.0e-9
10910	       1.0e-9
10915	       1.0e-9
10920	       1.0e-9
10925	       1.0e-9
10930	       1.0e-9
10935	       1.0e-9
10940	       1.0e-9
10945	       1.0e-9
10950	       1.0e-9
10955	       1.0e-9
10960	       1.0e-9
10965	       1.0e-9
10970	       1.0e-9
10975	       1.0e-9
10980	       1.0e-9
10985	       1.0e-9
10990	       1.0e-9
10995	       1.0e-9
11000	       1.0e-9
11005	       1.0e-9
11010	       1.0e-9
11015	       1.0e-9
11020	       1.0e-9
11025	       1.0e-9
11030	       1.0e-9
11035	       1.0e-9
11040	       1.0e-9
11045	       1.0e-9
11050	       1.0e-9
11055	       1.0e-9
11060	       1.0e-9
11065	       1.0e-9
11070	       1.0e-9
11075	       1.0e-9
11080	       1.0e-9
11085	       1.0e-9
11090	       1.0e-9
11095	       1.0e-9
11100	       1.0e-9
11105	       1.0e-9
11110	       1.0e-9
11115	       1.0e-9
11120	       1.0e-9
11125	       1.0e-9
11130	       1.0e-9
11135	       1.0e-9
11140	       1.0e-9
11145	       1.0e-9
11150	       1.0e-9
11155	       1.0e-9
11160	       1.0e-9
11165	       1.0e-9
11170	       1.0e-9
11175	       1.0e-9
11180	       1.0e-9
11185	       1.0e-9
11190	       1.0e-9
11195	       1.0e-9
11200	       1.0e-9
11205	       1.0e-9
11210	       1.0e-9
11215	       1.0e-9
11220	       1.0e-9
11225	       1.0e-9
11230	       1.0e-9
11235	       1.0e-9
11240	       1.0e-9
11245	       1.0e-9
11250	       1.0e-9
11255	       1.0e-9
11260	       1.0e-9
11265	       1.0e-9
11270	       1.0e-9
11275	       1.0e-9
11280	       1.0e-9
11285	       1.0e-9
11290	       1.0e-9
11295	       1.0e-9
11300	       1.0e-9
11305	       1.0e-9
11310	       1.0e-9
11315	       1.0e-9
11320	       1.0e-9
11325	       1.0e-9
11330	       1.0e-9
11335	       1.0e-9
11340	       1.0e-9
11345	       1.0e-9
11350	       1.0e-9
11355	       1.0e-9
11360	       1.0e-9
11365	       1.0e-9
11370	       1.0e-9
11375	       1.0e-9
11380	       1.0e-9
11385	       1.0e-9
11390	       1.0e-9
11395	       1.0e-9
11400	       1.0e-9
11405	       1.0e-9
11410	       1.0e-9
11415	       1.0e-9
11420	       1.0e-9
11425	       1.0e-9
11430	       1.0e-9
11435	       1.0e-9
11440	       1.0e-9
11445	       1.0e-9
11450	       1.0e-9
11455	       1.0e-9
11460	       1.0e-9
11465	       1.0e-9
11470	       1.0e-9
11475	       1.0e-9
11480	       1.0e-9
11485	       1.0e-9
11490	       1.0e-9
11495	       1.0e-9
11500	       1.0e-9
11505	       1.0e-9
11510	       1.0e-9
11515	       1.0e-9
11520	       1.0e-9
11525	       1.0e-9
11530	       1.0e-9
11535	       1.0e-9
11540	       1.0e-9
11545	       1.0e-9
11550	       1.0e-9
11555	       1.0e-9
11560	       1.0e-9
11565	       1.0e-9
11570	       1.0e-9
11575	       1.0e-9
11580	       1.0e-9
11585	       1.0e-9
11590	       1.0e-9
11595	       1.0e-9
11600	       1.0e-9
11605	       1.0e-9
11610	       1.0e-9
11615	       1.0e-9
11620	       1.0e-9
11625	       1.0e-9
11630	       1.0e-9
11635	       1.0e-9
11640	       1.0e-9
11645	       1.0e-9
11650	       1.0e-9
11655	       1.0e-9
11660	       1.0e-9
11665	       1.0e-9
11670	       1.0e-9
11675	       1.0e-9
11680	       1.0e-9
11685	       1.0e-9
11690	       1.0e-9
11695	       1.0e-9
11700	       1.0e-9
11705	       1.0e-9
11710	       1.0e-9
11715	       1.0e-9
11720	       1.0e-9
11725	       1.0e-9
11730	       1.0e-9
11735	       1.0e-9
11740	       1.0e-9
11745	       1.0e-9
11750	       1.0e-9
11755	       1.0e-9
11760	       1.0e-9
11765	       1.0e-9
11770	       1.0e-9
11775	       1.0e-9
11780	       1.0e-9
11785	       1.0e-9
11790	       1.0e-9
11795	       1.0e-9
11800	       1.0e-9
11805	       1.0e-9
11810	       1.0e-9
11815	       1.0e-9
11820	       1.0e-9
11825	       1.0e-9
11830	       1.0e-9
11835	       1.0e-9
11840	       1.0e-9
11845	       1.0e-9
11850	       1.0e-9
11855	       1.0e-9
11860	       1.0e-9
11865	       1.0e-9
11870	       1.0e-9
11875	       1.0e-9
11880	       1.0e-9
11885	       1.0e-9
11890	       1.0e-9
11895	       1.0e-9
11900	       1.0e-9
11905	       1.0e-9
11910	       1.0e-9
11915	       1.0e-9
11920	       1.0e-9
11925	       1.0e-9
11930	       1.0e-9
11935	       1.0e-9
11940	       1.0e-9
11945	       1.0e-9
11950	       1.0e-9
11955	       1.0e-9
11960	       1.0e-9
11965	       1.0e-9
11970	       1.0e-9
11975	       1.0e-9
11980	       1.0e-9
11985	       1.0e-9
11990	       1.0e-9
11995	       1.0e-9
12000	       1.0e-9
12005	       1.0e-9
12010	       1.0e-9
12015	       1.0e-9
12020	       1.0e-9
12025	       1.0e-9
12030	       1.0e-9
12035	       1.0e-9
12040	       1.0e-9
12045	       1.0e-9
12050	       1.0e-9
12055	       1.0e-9
12060	       1.0e-9
12065	       1.0e-9
12070	       1.0e-9
12075	       1.0e-9
12080	       1.0e-9
12085	       1.0e-9
12090	       1.0e-9
12095	       1.0e-9
12100	       1.0e-9
12105	       1.0e-9
12110	       1.0e-9
12115	       1.0e-9
12120	       1.0e-9
12125	       1.0e-9
12130	       1.0e-9
12135	       1.0e-9
12140	       1.0e-9
12145	       1.0e-9
12150	       1.0e-9
12155	       1.0e-9
12160	       1.0e-9
12165	       1.0e-9
12170	       1.0e-9
12175	       1.0e-9
12180	       1.0e-9
12185	       1.0e-9
12190	       1.0e-9
12195	       1.0e-9
12200	       1.0e-9
12205	       1.0e-9
12210	       1.0e-9
12215	       1.0e-9
12220	       1.0e-9
12225	       1.0e-9
12230	       1.0e-9
12235	       1.0e-9
12240	       1.0e-9
12245	       1.0e-9
12250	       1.0e-9
12255	       1.0e-9
12260	       1.0e-9
12265	       1.0e-9
12270	       1.0e-9
12275	       1.0e-9
12280	       1.0e-9
12285	       1.0e-9
12290	       1.0e-9
12295	       1.0e-9
12300	       1.0e-9
12305	       1.0e-9
12310	       1.0e-9
12315	       1.0e-9
12320	       1.0e-9
12325	       1.0e-9
12330	       1.0e-9
12335	       1.0e-9
12340	       1.0e-9
12345	       1.0e-9
12350	       1.0e-9
12355	       1.0e-9
12360	       1.0e-9
12365	       1.0e-9
12370	       1.0e-9
12375	       1.0e-9
12380	       1.0e-9
12385	       1.0e-9
12390	       1.0e-9
12395	       1.0e-9
12400	       1.0e-9
12405	       1.0e-9
12410	       1.0e-9
12415	       1.0e-9
12420	       1.0e-9
12425	       1.0e-9
12430	       1.0e-9
12435	       1.0e-9
12440	       1.0e-9
12445	       1.0e-9
12450	       1.0e-9
12455	       1.0e-9
12460	       1.0e-9
12465	       1.0e-9
12470	       1.0e-9
12475	       1.0e-9
12480	       1.0e-9
12485	       1.0e-9
12490	       1.0e-9
12495	       1.0e-9
12500	       1.0e-9
12505	       1.0e-9
12510	       1.0e-9
12515	       1.0e-9
12520	       1.0e-9
12525	       1.0e-9
12530	       1.0e-9
12535	       1.0e-9
12540	       1.0e-9
12545	       1.0e-9
12550	       1.0e-9
12555	       1.0e-9
12560	       1.0e-9
12565	       1.0e-9
12570	       1.0e-9
12575	       1.0e-9
12580	       1.0e-9
12585	       1.0e-9
12590	       1.0e-9
12595	       1.0e-9
12600	       1.0e-9
12605	       1.0e-9
12610	       1.0e-9
12615	       1.0e-9
12620	       1.0e-9
12625	       1.0e-9
12630	       1.0e-9
12635	       1.0e-9
12640	       1.0e-9
12645	       1.0e-9
12650	       1.0e-9
12655	       1.0e-9
12660	       1.0e-9
12665	       1.0e-9
12670	       1.0e-9
12675	       1.0e-9
12680	       1.0e-9
12685	       1.0e-9
12690	       1.0e-9
12695	       1.0e-9
12700	       1.0e-9
12705	       1.0e-9
12710	       1.0e-9
12715	       1.0e-9
12720	       1.0e-9
12725	       1.0e-9
12730	       1.0e-9
12735	       1.0e-9
12740	       1.0e-9
12745	       1.0e-9
12750	       1.0e-9
12755	       1.0e-9
12760	       1.0e-9
12765	       1.0e-9
12770	       1.0e-9
12775	       1.0e-9
12780	       1.0e-9
12785	       1.0e-9
12790	       1.0e-9
12795	       1.0e-9
12800	       1.0e-9
12805	       1.0e-9
12810	       1.0e-9
12815	       1.0e-9
12820	       1.0e-9
12825	       1.0e-9
12830	       1.0e-9
12835	       1.0e-9
12840	       1.0e-9
12845	       1.0e-9
12850	       1.0e-9
12855	       1.0e-9
12860	       1.0e-9
12865	       1.0e-9
12870	       1.0e-9
12875	       1.0e-9
12880	       1.0e-9
12885	       1.0e-9
12890	       1.0e-9
12895	       1.0e-9
12900	       1.0e-9
12905	       1.0e-9
12910	       1.0e-9
12915	       1.0e-9
12920	       1.0e-9
12925	       1.0e-9
12930	       1.0e-9
12935	       1.0e-9
12940	       1.0e-9
12945	       1.0e-9
12950	       1.0e-9
12955	       1.0e-9
12960	       1.0e-9
12965	       1.0e-9
12970	       1.0e-9
12975	       1.0e-9
12980	       1.0e-9
12985	       1.0e-9
12990	       1.0e-9
12995	       1.0e-9
13000	       1.0e-9
13005	       1.0e-9
13010	       1.0e-9
13015	       1.0e-9
13020	       1.0e-9
13025	       1.0e-9
13030	       1.0e-9
13035	       1.0e-9
13040	       1.0e-9
13045	       1.0e-9
13050	       1.0e-9
13055	       1.0e-9
13060	       1.0e-9
13065	       1.0e-9
13070	       1.0e-9
13075	       1.0e-9
13080	       1.0e-9
13085	       1.0e-9
13090	       1.0e-9
13095	       1.0e-9
13100	       1.0e-9
13105	       1.0e-9
13110	       1.0e-9
13115	       1.0e-9
13120	       1.0e-9
13125	       1.0e-9
13130	       1.0e-9
13135	       1.0e-9
13140	       1.0e-9
13145	       1.0e-9
13150	       1.0e-9
13155	       1.0e-9
13160	       1.0e-9
13165	       1.0e-9
13170	       1.0e-9
13175	       1.0e-9
13180	       1.0e-9
13185	       1.0e-9
13190	       1.0e-9
13195	       1.0e-9
13200	       1.0e-9
13205	       1.0e-9
13210	       1.0e-9
13215	       1.0e-9
13220	       1.0e-9
13225	       1.0e-9
13230	       1.0e-9
13235	       1.0e-9
13240	       1.0e-9
13245	       1.0e-9
13250	       1.0e-9
13255	       1.0e-9
13260	       1.0e-9
13265	       1.0e-9
13270	       1.0e-9
13275	       1.0e-9
13280	       1.0e-9
13285	       1.0e-9
13290	       1.0e-9
13295	       1.0e-9
13300	       1.0e-9
13305	       1.0e-9
13310	       1.0e-9
13315	       1.0e-9
13320	       1.0e-9
13325	       1.0e-9
13330	       1.0e-9
13335	       1.0e-9
13340	       1.0e-9
13345	       1.0e-9
13350	       1.0e-9
13355	       1.0e-9
13360	       1.0e-9
13365	       1.0e-9
13370	       1.0e-9
13375	       1.0e-9
13380	       1.0e-9
13385	       1.0e-9
13390	       1.0e-9
13395	       1.0e-9
13400	       1.0e-9
13405	       1.0e-9
13410	       1.0e-9
13415	       1.0e-9
13420	       1.0e-9
13425	       1.0e-9
13430	       1.0e-9
13435	       1.0e-9
13440	       1.0e-9
13445	       1.0e-9
13450	       1.0e-9
13455	       1.0e-9
13460	       1.0e-9
13465	       1.0e-9
13470	       1.0e-9
13475	       1.0e-9
13480	       1.0e-9
13485	       1.0e-9
13490	       1.0e-9
13495	       1.0e-9
13500	       1.0e-9
13505	       1.0e-9
13510	       1.0e-9
13515	       1.0e-9
13520	       1.0e-9
13525	       1.0e-9
13530	       1.0e-9
13535	       1.0e-9
13540	       1.0e-9
13545	       1.0e-9
13550	       1.0e-9
13555	       1.0e-9
13560	       1.0e-9
13565	       1.0e-9
13570	       1.0e-9
13575	       1.0e-9
13580	       1.0e-9
13585	       1.0e-9
13590	       1.0e-9
13595	       1.0e-9
13600	       1.0e-9
13605	       1.0e-9
13610	       1.0e-9
13615	       1.0e-9
13620	       1.0e-9
13625	       1.0e-9
13630	       1.0e-9
13635	       1.0e-9
13640	       1.0e-9
13645	       1.0e-9
13650	       1.0e-9
13655	       1.0e-9
13660	       1.0e-9
13665	       1.0e-9
13670	       1.0e-9
13675	       1.0e-9
13680	       1.0e-9
13685	       1.0e-9
13690	       1.0e-9
13695	       1.0e-9
13700	       1.0e-9
13705	       1.0e-9
13710	       1.0e-9
13715	       1.0e-9
13720	       1.0e-9
13725	       1.0e-9
13730	       1.0e-9
13735	       1.0e-9
13740	       1.0e-9
13745	       1.0e-9
13750	       1.0e-9
13755	       1.0e-9
13760	       1.0e-9
13765	       1.0e-9
13770	       1.0e-9
13775	       1.0e-9
13780	       1.0e-9
13785	       1.0e-9
13790	       1.0e-9
13795	       1.0e-9
13800	       1.0e-9
13805	       1.0e-9
13810	       1.0e-9
13815	       1.0e-9
13820	       1.0e-9
13825	       1.0e-9
13830	       1.0e-9
13835	       1.0e-9
13840	       1.0e-9
13845	       1.0e-9
13850	       1.0e-9
13855	       1.0e-9
13860	       1.0e-9
13865	       1.0e-9
13870	       1.0e-9
13875	       1.0e-9
13880	       1.0e-9
13885	       1.0e-9
13890	       1.0e-9
13895	       1.0e-9
13900	       1.0e-9
13905	       1.0e-9
13910	       1.0e-9
13915	       1.0e-9
13920	       1.0e-9
13925	       1.0e-9
13930	       1.0e-9
13935	       1.0e-9
13940	       1.0e-9
13945	       1.0e-9
13950	       1.0e-9
13955	       1.0e-9
13960	       1.0e-9
13965	       1.0e-9
13970	       1.0e-9
13975	       1.0e-9
13980	       1.0e-9
13985	       1.0e-9
13990	       1.0e-9
13995	       1.0e-9
14000	       1.0e-9
14005	       1.0e-9
14010	       1.0e-9
14015	       1.0e-9
14020	       1.0e-9
14025	       1.0e-9
14030	       1.0e-9
14035	       1.0e-9
14040	       1.0e-9
14045	       1.0e-9
14050	       1.0e-9
14055	       1.0e-9
14060	       1.0e-9
14065	       1.0e-9
14070	       1.0e-9
14075	       1.0e-9
14080	       1.0e-9
14085	       1.0e-9
14090	       1.0e-9
14095	       1.0e-9
14100	       1.0e-9
14105	       1.0e-9
14110	       1.0e-9
14115	       1.0e-9
14120	       1.0e-9
14125	       1.0e-9
14130	       1.0e-9
14135	       1.0e-9
14140	       1.0e-9
14145	       1.0e-9
14150	       1.0e-9
14155	       1.0e-9
14160	       1.0e-9
14165	       1.0e-9
14170	       1.0e-9
14175	       1.0e-9
14180	       1.0e-9
14185	       1.0e-9
14190	       1.0e-9
14195	       1.0e-9
14200	       1.0e-9
14205	       1.0e-9
14210	       1.0e-9
14215	       1.0e-9
14220	       1.0e-9
14225	       1.0e-9
14230	       1.0e-9
14235	       1.0e-9
14240	       1.0e-9
14245	       1.0e-9
14250	       1.0e-9
14255	       1.0e-9
14260	       1.0e-9
14265	       1.0e-9
14270	       1.0e-9
14275	       1.0e-9
14280	       1.0e-9
14285	       1.0e-9
14290	       1.0e-9
14295	       1.0e-9
14300	       1.0e-9
14305	       1.0e-9
14310	       1.0e-9
14315	       1.0e-9
14320	       1.0e-9
14325	       1.0e-9
14330	       1.0e-9
14335	       1.0e-9
14340	       1.0e-9
14345	       1.0e-9
14350	       1.0e-9
14355	       1.0e-9
14360	       1.0e-9
14365	       1.0e-9
14370	       1.0e-9
14375	       1.0e-9
14380	       1.0e-9
14385	       1.0e-9
14390	       1.0e-9
14395	       1.0e-9
14400	       1.0e-9
14405	       1.0e-9
14410	       1.0e-9
14415	       1.0e-9
14420	       1.0e-9
14425	       1.0e-9
14430	       1.0e-9
14435	       1.0e-9
14440	       1.0e-9
14445	       1.0e-9
14450	       1.0e-9
14455	       1.0e-9
14460	       1.0e-9
14465	       1.0e-9
14470	       1.0e-9
14475	       1.0e-9
14480	       1.0e-9
14485	       1.0e-9
14490	       1.0e-9
14495	       1.0e-9
14500	       1.0e-9
14505	       1.0e-9
14510	       1.0e-9
14515	       1.0e-9
14520	       1.0e-9
14525	       1.0e-9
14530	       1.0e-9
14535	       1.0e-9
14540	       1.0e-9
14545	       1.0e-9
14550	       1.0e-9
14555	       1.0e-9
14560	       1.0e-9
14565	       1.0e-9
14570	       1.0e-9
14575	       1.0e-9
14580	       1.0e-9
14585	       1.0e-9
14590	       1.0e-9
14595	       1.0e-9
14600	       1.0e-9
14605	       1.0e-9
14610	       1.0e-9
14615	       1.0e-9
14620	       1.0e-9
14625	       1.0e-9
14630	       1.0e-9
14635	       1.0e-9
14640	       1.0e-9
14645	       1.0e-9
14650	       1.0e-9
14655	       1.0e-9
14660	       1.0e-9
14665	       1.0e-9
14670	       1.0e-9
14675	       1.0e-9
14680	       1.0e-9
14685	       1.0e-9
14690	       1.0e-9
14695	       1.0e-9
14700	       1.0e-9
14705	       1.0e-9
14710	       1.0e-9
14715	       1.0e-9
14720	       1.0e-9
14725	       1.0e-9
14730	       1.0e-9
14735	       1.0e-9
14740	       1.0e-9
14745	       1.0e-9
14750	       1.0e-9
14755	       1.0e-9
14760	       1.0e-9
14765	       1.0e-9
14770	       1.0e-9
14775	       1.0e-9
14780	       1.0e-9
14785	       1.0e-9
14790	       1.0e-9
14795	       1.0e-9
14800	       1.0e-9
14805	       1.0e-9
14810	       1.0e-9
14815	       1.0e-9
14820	       1.0e-9
14825	       1.0e-9
14830	       1.0e-9
14835	       1.0e-9
14840	       1.0e-9
14845	       1.0e-9
14850	       1.0e-9
14855	       1.0e-9
14860	       1.0e-9
14865	       1.0e-9
14870	       1.0e-9
14875	       1.0e-9
14880	       1.0e-9
14885	       1.0e-9
14890	       1.0e-9
14895	       1.0e-9
14900	       1.0e-9
14905	       1.0e-9
14910	       1.0e-9
14915	       1.0e-9
14920	       1.0e-9
14925	       1.0e-9
14930	       1.0e-9
14935	       1.0e-9
14940	       1.0e-9
14945	       1.0e-9
14950	       1.0e-9
14955	       1.0e-9
14960	       1.0e-9
14965	       1.0e-9
14970	       1.0e-9
14975	       1.0e-9
14980	       1.0e-9
14985	       1.0e-9
14990	       1.0e-9
14995	       1.0e-9
15000	       1.0e-9
