G2V	RVS_T05750G45P00V000K2SNWNVRVSF	
8439.6643      8780.2676
3000	8.99706E-10
3005	9.37063E-10
3010	1.02344E-09
3015	9.89883E-10
3020	9.77632E-10
3025	1.10078E-09
3030	1.22229E-09
3035	1.21989E-09
3040	1.18048E-09
3045	1.21667E-09
3050	1.23481E-09
3055	1.14418E-09
3060	1.1344E-09
3065	1.20567E-09
3070	1.29925E-09
3075	1.30905E-09
3080	1.34842E-09
3085	1.41402E-09
3090	1.19706E-09
3095	1.08947E-09
3100	1.15584E-09
3105	1.37076E-09
3110	1.47032E-09
3115	1.39485E-09
3120	1.25521E-09
3125	1.267E-09
3130	1.42436E-09
3135	1.43009E-09
3140	1.31651E-09
3145	1.19753E-09
3150	1.19677E-09
3155	1.12876E-09
3160	1.20121E-09
3165	1.2872E-09
3170	1.39188E-09
3175	1.37896E-09
3180	1.25711E-09
3185	1.22666E-09
3190	1.23229E-09
3195	1.29822E-09
3200	1.57648E-09
3205	1.47986E-09
3210	1.4364E-09
3215	1.38839E-09
3220	1.32748E-09
3225	1.25163E-09
3230	1.21878E-09
3235	1.27362E-09
3240	1.34795E-09
3245	1.37825E-09
3250	1.43268E-09
3255	1.57819E-09
3260	1.74525E-09
3265	1.84496E-09
3270	1.84729E-09
3275	1.7586E-09
3280	1.67171E-09
3285	1.67765E-09
3290	1.7737E-09
3295	1.91503E-09
3300	1.98206E-09
3305	1.88972E-09
3310	1.76572E-09
3315	1.74463E-09
3320	1.7759E-09
3325	1.78231E-09
3330	1.76527E-09
3335	1.74855E-09
3340	1.76662E-09
3345	1.83311E-09
3350	1.86729E-09
3355	1.79759E-09
3360	1.6833E-09
3365	1.60475E-09
3370	1.59562E-09
3375	1.65911E-09
3380	1.72307E-09
3385	1.73114E-09
3390	1.76528E-09
3395	1.89376E-09
3400	1.99144E-09
3405	1.93841E-09
3410	1.82909E-09
3415	1.78607E-09
3420	1.83042E-09
3425	1.92973E-09
3430	1.93929E-09
3435	1.75962E-09
3440	1.58455E-09
3445	1.6054E-09
3450	1.71002E-09
3455	1.75249E-09
3460	1.75493E-09
3465	1.76577E-09
3470	1.77043E-09
3475	1.7468E-09
3480	1.70578E-09
3485	1.67445E-09
3490	1.7116E-09
3495	1.84614E-09
3500	1.95573E-09
3505	1.92934E-09
3510	1.8831E-09
3515	1.86528E-09
3520	1.82186E-09
3525	1.7944E-09
3530	1.90925E-09
3535	2.05689E-09
3540	2.14185E-09
3545	2.16384E-09
3550	2.12506E-09
3555	2.05573E-09
3560	1.98164E-09
3565	1.8009E-09
3570	1.65461E-09
3575	1.6165E-09
3580	1.498E-09
3585	1.50144E-09
3590	1.71924E-09
3595	1.9816E-09
3600	2.07412E-09
3605	1.9368E-09
3610	1.77061E-09
3615	1.77259E-09
3620	1.84777E-09
3625	2.01594E-09
3630	2.01492E-09
3635	2.0154E-09
3640	2.07484E-09
3645	2.00414E-09
3650	2.05839E-09
3655	2.33049E-09
3660	2.49428E-09
3665	2.47583E-09
3670	2.39619E-09
3675	2.33451E-09
3680	2.22373E-09
3685	2.20719E-09
3690	2.29108E-09
3695	2.41489E-09
3700	2.43546E-09
3705	2.27334E-09
3710	2.27449E-09
3715	2.33065E-09
3720	2.08737E-09
3725	2.08378E-09
3730	2.00707E-09
3735	1.79179E-09
3740	1.86018E-09
3745	1.82553E-09
3750	1.87245E-09
3755	2.14044E-09
3760	2.1515E-09
3765	2.20316E-09
3770	2.3426E-09
3775	2.62132E-09
3780	2.78916E-09
3785	2.62282E-09
3790	2.32125E-09
3795	2.16002E-09
3800	2.26558E-09
3805	2.49869E-09
3810	2.47926E-09
3815	2.14976E-09
3820	1.8383E-09
3825	1.5772E-09
3830	1.41786E-09
3835	1.41067E-09
3840	1.64598E-09
3845	2.07424E-09
3850	2.24718E-09
3855	2.12398E-09
3860	2.01793E-09
3865	2.14242E-09
3870	2.14016E-09
3875	2.10272E-09
3880	2.07625E-09
3885	2.03703E-09
3890	2.13179E-09
3895	2.34176E-09
3900	2.42207E-09
3905	2.47605E-09
3910	2.65419E-09
3915	2.64488E-09
3920	2.34361E-09
3925	1.81573E-09
3930	1.22839E-09
3935	1.17328E-09
3940	1.68E-09
3945	2.19728E-09
3950	2.56861E-09
3955	2.56357E-09
3960	2.12759E-09
3965	1.47298E-09
3970	1.34525E-09
3975	2.05057E-09
3980	2.77838E-09
3985	3.0914E-09
3990	3.19997E-09
3995	3.24564E-09
4000	3.28744E-09
4005	3.30218E-09
4010	3.39576E-09
4015	3.48295E-09
4020	3.51542E-09
4025	3.47384E-09
4030	3.38095E-09
4035	3.42163E-09
4040	3.46544E-09
4045	3.32342E-09
4050	3.3604E-09
4055	3.31185E-09
4060	3.2247E-09
4065	3.21886E-09
4070	3.27857E-09
4075	3.29239E-09
4080	3.37792E-09
4085	3.5723E-09
4090	3.62096E-09
4095	3.35437E-09
4100	3.04443E-09
4105	3.19588E-09
4110	3.52154E-09
4115	3.65967E-09
4120	3.63764E-09
4125	3.54278E-09
4130	3.45482E-09
4135	3.50352E-09
4140	3.57274E-09
4145	3.53355E-09
4150	3.5293E-09
4155	3.53007E-09
4160	3.60795E-09
4165	3.6016E-09
4170	3.47883E-09
4175	3.3906E-09
4180	3.41526E-09
4185	3.41854E-09
4190	3.43666E-09
4195	3.37404E-09
4200	3.31367E-09
4205	3.47745E-09
4210	3.6347E-09
4215	3.61203E-09
4220	3.46103E-09
4225	3.20741E-09
4230	3.25487E-09
4235	3.35712E-09
4240	3.42118E-09
4245	3.39335E-09
4250	3.30281E-09
4255	3.29756E-09
4260	3.32431E-09
4265	3.31198E-09
4270	3.13946E-09
4275	3.16314E-09
4280	3.27678E-09
4285	3.21804E-09
4290	3.06881E-09
4295	2.85615E-09
4300	2.52692E-09
4305	2.36901E-09
4310	2.51956E-09
4315	3.12551E-09
4320	3.52837E-09
4325	3.461E-09
4330	3.50626E-09
4335	3.34338E-09
4340	3.09925E-09
4345	3.28233E-09
4350	3.48709E-09
4355	3.58408E-09
4360	3.69042E-09
4365	3.73481E-09
4370	3.64172E-09
4375	3.50212E-09
4380	3.3537E-09
4385	3.22323E-09
4390	3.38015E-09
4395	3.53593E-09
4400	3.5676E-09
4405	3.55945E-09
4410	3.70003E-09
4415	3.77902E-09
4420	3.86267E-09
4425	3.88059E-09
4430	3.85692E-09
4435	3.81301E-09
4440	3.85766E-09
4445	3.91333E-09
4450	3.89924E-09
4455	3.70855E-09
4460	3.65657E-09
4465	3.78975E-09
4470	3.96366E-09
4475	4.04804E-09
4480	4.00043E-09
4485	3.99009E-09
4490	3.99464E-09
4495	4.03887E-09
4500	4.14505E-09
4505	4.23807E-09
4510	4.24319E-09
4515	4.14356E-09
4520	4.06209E-09
4525	3.84376E-09
4530	3.71474E-09
4535	3.85825E-09
4540	4.01526E-09
4545	3.96393E-09
4550	3.88977E-09
4555	3.99343E-09
4560	4.10693E-09
4565	4.10552E-09
4570	4.1263E-09
4575	4.10048E-09
4580	4.00443E-09
4585	4.00063E-09
4590	4.01651E-09
4595	3.98592E-09
4600	3.97557E-09
4605	4.05072E-09
4610	4.10207E-09
4615	4.09373E-09
4620	4.12911E-09
4625	4.13641E-09
4630	4.11568E-09
4635	4.03949E-09
4640	3.99957E-09
4645	3.92656E-09
4650	3.91493E-09
4655	4.00442E-09
4660	4.05945E-09
4665	3.89135E-09
4670	3.85831E-09
4675	3.932E-09
4680	3.96355E-09
4685	3.99317E-09
4690	3.99202E-09
4695	3.95967E-09
4700	3.84063E-09
4705	3.81232E-09
4710	3.87804E-09
4715	4.00514E-09
4720	4.10091E-09
4725	4.02797E-09
4730	3.90312E-09
4735	3.93792E-09
4740	4.02326E-09
4745	4.08771E-09
4750	4.06723E-09
4755	3.99827E-09
4760	3.96518E-09
4765	3.92799E-09
4770	4.0111E-09
4775	4.11093E-09
4780	4.12064E-09
4785	4.04317E-09
4790	4.02732E-09
4795	4.09616E-09
4800	4.10471E-09
4805	4.06131E-09
4810	4.03956E-09
4815	4.10366E-09
4820	4.10927E-09
4825	4.04862E-09
4830	4.02473E-09
4835	3.99703E-09
4840	3.95854E-09
4845	3.98748E-09
4850	3.91038E-09
4855	3.55285E-09
4860	3.16194E-09
4865	3.3401E-09
4870	3.60802E-09
4875	3.78621E-09
4880	3.8908E-09
4885	3.79764E-09
4890	3.75548E-09
4895	3.93652E-09
4900	4.0472E-09
4905	4.03648E-09
4910	3.93512E-09
4915	3.80447E-09
4920	3.63897E-09
4925	3.80808E-09
4930	3.98378E-09
4935	3.90176E-09
4940	3.87083E-09
4945	4.01109E-09
4950	4.0504E-09
4955	3.91507E-09
4960	3.87616E-09
4965	3.96399E-09
4970	3.96567E-09
4975	3.92847E-09
4980	3.77504E-09
4985	3.75614E-09
4990	3.89062E-09
4995	3.89454E-09
5000	3.81375E-09
5005	3.70336E-09
5010	3.6799E-09
5015	3.62495E-09
5020	3.64865E-09
5025	3.7654E-09
5030	3.84532E-09
5035	3.78052E-09
5040	3.66404E-09
5045	3.73516E-09
5050	3.80196E-09
5055	3.86906E-09
5060	3.92435E-09
5065	3.84649E-09
5070	3.78755E-09
5075	3.7222E-09
5080	3.67658E-09
5085	3.7787E-09
5090	3.87786E-09
5095	3.80124E-09
5100	3.73469E-09
5105	3.73918E-09
5110	3.77216E-09
5115	3.85198E-09
5120	3.80775E-09
5125	3.70052E-09
5130	3.68543E-09
5135	3.6636E-09
5140	3.59437E-09
5145	3.62261E-09
5150	3.68942E-09
5155	3.73683E-09
5160	3.65443E-09
5165	3.23667E-09
5170	2.98882E-09
5175	3.22563E-09
5180	3.31699E-09
5185	3.29981E-09
5190	3.47473E-09
5195	3.58342E-09
5200	3.65957E-09
5205	3.59538E-09
5210	3.60719E-09
5215	3.69776E-09
5220	3.7188E-09
5225	3.58985E-09
5230	3.5453E-09
5235	3.67862E-09
5240	3.82674E-09
5245	3.80998E-09
5250	3.74158E-09
5255	3.74886E-09
5260	3.64991E-09
5265	3.35884E-09
5270	3.31688E-09
5275	3.52085E-09
5280	3.66596E-09
5285	3.78352E-09
5290	3.85947E-09
5295	3.76226E-09
5300	3.69302E-09
5305	3.81249E-09
5310	3.90043E-09
5315	3.86319E-09
5320	3.74024E-09
5325	3.55594E-09
5330	3.57277E-09
5335	3.69764E-09
5340	3.69151E-09
5345	3.70988E-09
5350	3.76482E-09
5355	3.85695E-09
5360	3.84038E-09
5365	3.68418E-09
5370	3.61148E-09
5375	3.70471E-09
5380	3.77597E-09
5385	3.76699E-09
5390	3.7089E-09
5395	3.63426E-09
5400	3.58651E-09
5405	3.54083E-09
5410	3.59359E-09
5415	3.6857E-09
5420	3.7127E-09
5425	3.68588E-09
5430	3.65079E-09
5435	3.70581E-09
5440	3.79629E-09
5445	3.72091E-09
5450	3.70147E-09
5455	3.70196E-09
5460	3.71232E-09
5465	3.72019E-09
5470	3.71738E-09
5475	3.64563E-09
5480	3.62534E-09
5485	3.68818E-09
5490	3.71571E-09
5495	3.726E-09
5500	3.71399E-09
5505	3.67094E-09
5510	3.65782E-09
5515	3.69423E-09
5520	3.73114E-09
5525	3.66046E-09
5530	3.61396E-09
5535	3.6526E-09
5540	3.68248E-09
5545	3.71317E-09
5550	3.75992E-09
5555	3.72438E-09
5560	3.66556E-09
5565	3.62995E-09
5570	3.57836E-09
5575	3.6166E-09
5580	3.64152E-09
5585	3.52842E-09
5590	3.45354E-09
5595	3.49335E-09
5600	3.51483E-09
5605	3.60049E-09
5610	3.68146E-09
5615	3.57727E-09
5620	3.54652E-09
5625	3.60023E-09
5630	3.64042E-09
5635	3.62646E-09
5640	3.60749E-09
5645	3.63129E-09
5650	3.64317E-09
5655	3.56099E-09
5660	3.50691E-09
5665	3.55301E-09
5670	3.61544E-09
5675	3.6347E-09
5680	3.59416E-09
5685	3.5461E-09
5690	3.57135E-09
5695	3.60613E-09
5700	3.57729E-09
5705	3.49617E-09
5710	3.43658E-09
5715	3.52262E-09
5720	3.62574E-09
5725	3.66612E-09
5730	3.65735E-09
5735	3.65274E-09
5740	3.64811E-09
5745	3.61833E-09
5750	3.5792E-09
5755	3.54986E-09
5760	3.55916E-09
5765	3.59092E-09
5770	3.62305E-09
5775	3.59811E-09
5780	3.53075E-09
5785	3.51383E-09
5790	3.55219E-09
5795	3.57961E-09
5800	3.60256E-09
5805	3.60263E-09
5810	3.59219E-09
5815	3.60562E-09
5820	3.6247E-09
5825	3.6317E-09
5830	3.63455E-09
5835	3.63111E-09
5840	3.64742E-09
5845	3.6217E-09
5850	3.56855E-09
5855	3.5019E-09
5860	3.49809E-09
5865	3.54399E-09
5870	3.59412E-09
5875	3.60695E-09
5880	3.55841E-09
5885	3.39918E-09
5890	3.1976E-09
5895	3.21122E-09
5900	3.39884E-09
5905	3.51111E-09
5910	3.50569E-09
5915	3.49263E-09
5920	3.50166E-09
5925	3.48385E-09
5930	3.46363E-09
5935	3.49248E-09
5940	3.49671E-09
5945	3.4634E-09
5950	3.43135E-09
5955	3.45438E-09
5960	3.47382E-09
5965	3.47657E-09
5970	3.47069E-09
5975	3.43926E-09
5980	3.42028E-09
5985	3.39584E-09
5990	3.41131E-09
5995	3.43659E-09
6000	3.41794E-09
6005	3.38046E-09
6010	3.36905E-09
6015	3.34826E-09
6020	3.32322E-09
6025	3.34793E-09
6030	3.39982E-09
6035	3.42847E-09
6040	3.42046E-09
6045	3.4289E-09
6050	3.42383E-09
6055	3.41346E-09
6060	3.40139E-09
6065	3.40241E-09
6070	3.42701E-09
6075	3.40396E-09
6080	3.35181E-09
6085	3.34857E-09
6090	3.34156E-09
6095	3.33071E-09
6100	3.30141E-09
6105	3.31887E-09
6110	3.35923E-09
6115	3.33621E-09
6120	3.29695E-09
6125	3.31583E-09
6130	3.31859E-09
6135	3.24881E-09
6140	3.24416E-09
6145	3.2949E-09
6150	3.30856E-09
6155	3.2723E-09
6160	3.18505E-09
6165	3.15993E-09
6170	3.20781E-09
6175	3.27691E-09
6180	3.31791E-09
6185	3.30173E-09
6190	3.26403E-09
6195	3.29318E-09
6200	3.33452E-09
6205	3.34273E-09
6210	3.3086E-09
6215	3.26633E-09
6220	3.25916E-09
6225	3.26835E-09
6230	3.23073E-09
6235	3.23039E-09
6240	3.23667E-09
6245	3.21253E-09
6250	3.20415E-09
6255	3.17394E-09
6260	3.19769E-09
6265	3.22556E-09
6270	3.25191E-09
6275	3.21054E-09
6280	3.16296E-09
6285	3.22477E-09
6290	3.24305E-09
6295	3.20846E-09
6300	3.16383E-09
6305	3.19167E-09
6310	3.20322E-09
6315	3.15839E-09
6320	3.16545E-09
6325	3.21468E-09
6330	3.22426E-09
6335	3.17926E-09
6340	3.17277E-09
6345	3.20359E-09
6350	3.2196E-09
6355	3.18976E-09
6360	3.14874E-09
6365	3.16154E-09
6370	3.20574E-09
6375	3.21467E-09
6380	3.19979E-09
6385	3.20012E-09
6390	3.18871E-09
6395	3.15179E-09
6400	3.1398E-09
6405	3.13874E-09
6410	3.12182E-09
6415	3.12637E-09
6420	3.12759E-09
6425	3.15535E-09
6430	3.1552E-09
6435	3.14284E-09
6440	3.1492E-09
6445	3.1643E-09
6450	3.13427E-09
6455	3.12021E-09
6460	3.10156E-09
6465	3.10325E-09
6470	3.11995E-09
6475	3.12325E-09
6480	3.12402E-09
6485	3.1229E-09
6490	3.06719E-09
6495	2.98464E-09
6500	3.05123E-09
6505	3.12628E-09
6510	3.14947E-09
6515	3.11474E-09
6520	3.10221E-09
6525	3.11025E-09
6530	3.11226E-09
6535	3.10855E-09
6540	3.09251E-09
6545	3.06166E-09
6550	3.00497E-09
6555	2.83303E-09
6560	2.51338E-09
6565	2.58181E-09
6570	2.8635E-09
6575	2.99658E-09
6580	3.04971E-09
6585	3.04814E-09
6590	3.02469E-09
6595	3.02261E-09
6600	3.06156E-09
6605	3.04562E-09
6610	3.04574E-09
6615	3.06416E-09
6620	3.07201E-09
6625	3.05432E-09
6630	3.01543E-09
6635	3.00186E-09
6640	3.01565E-09
6645	3.01845E-09
6650	3.03374E-09
6655	3.03393E-09
6660	3.0109E-09
6665	3.00002E-09
6670	3.01203E-09
6675	2.98867E-09
6680	2.98313E-09
6685	3.00564E-09
6690	3.00885E-09
6695	2.99138E-09
6700	2.98259E-09
6705	2.98255E-09
6710	2.97912E-09
6715	2.94932E-09
6720	2.94341E-09
6725	2.96098E-09
6730	2.9686E-09
6735	2.97227E-09
6740	2.96843E-09
6745	2.95995E-09
6750	2.94997E-09
6755	2.95626E-09
6760	2.96184E-09
6765	2.9474E-09
6770	2.93209E-09
6775	2.94499E-09
6780	2.95087E-09
6785	2.94823E-09
6790	2.94958E-09
6795	2.93798E-09
6800	2.93644E-09
6805	2.92644E-09
6810	2.93019E-09
6815	2.93478E-09
6820	2.93085E-09
6825	2.9308E-09
6830	2.92155E-09
6835	2.905E-09
6840	2.88806E-09
6845	2.88417E-09
6850	2.89126E-09
6855	2.88556E-09
6860	2.88152E-09
6865	2.88906E-09
6870	2.88602E-09
6875	2.89001E-09
6880	2.88943E-09
6885	2.87948E-09
6890	2.87921E-09
6895	2.88043E-09
6900	2.88111E-09
6905	2.88196E-09
6910	2.87903E-09
6915	2.86845E-09
6920	2.86469E-09
6925	2.86888E-09
6930	2.86953E-09
6935	2.87255E-09
6940	2.86763E-09
6945	2.85948E-09
6950	2.86056E-09
6955	2.86121E-09
6960	2.8643E-09
6965	2.87074E-09
6970	2.87194E-09
6975	2.84067E-09
6980	2.83049E-09
6985	2.85467E-09
6990	2.85134E-09
6995	2.84341E-09
7000	2.81693E-09
7005	2.79522E-09
7010	2.80606E-09
7015	2.78524E-09
7020	2.78996E-09
7025	2.78742E-09
7030	2.80688E-09
7035	2.79767E-09
7040	2.81283E-09
7045	2.84369E-09
7050	2.83113E-09
7055	2.8091E-09
7060	2.80211E-09
7065	2.79663E-09
7070	2.80494E-09
7075	2.81763E-09
7080	2.8064E-09
7085	2.77673E-09
7090	2.77654E-09
7095	2.79607E-09
7100	2.81207E-09
7105	2.80857E-09
7110	2.78841E-09
7115	2.78023E-09
7120	2.78581E-09
7125	2.77806E-09
7130	2.77564E-09
7135	2.79749E-09
7140	2.81606E-09
7145	2.77662E-09
7150	2.75425E-09
7155	2.78549E-09
7160	2.7747E-09
7165	2.71311E-09
7170	2.69865E-09
7175	2.67185E-09
7180	2.64366E-09
7185	2.5639E-09
7190	2.53903E-09
7195	2.57181E-09
7200	2.59822E-09
7205	2.61761E-09
7210	2.67893E-09
7215	2.73203E-09
7220	2.73154E-09
7225	2.72924E-09
7230	2.71349E-09
7235	2.66089E-09
7240	2.65429E-09
7245	2.66537E-09
7250	2.67799E-09
7255	2.66207E-09
7260	2.66592E-09
7265	2.66441E-09
7270	2.66511E-09
7275	2.62158E-09
7280	2.61552E-09
7285	2.60369E-09
7290	2.55931E-09
7295	2.60067E-09
7300	2.64667E-09
7305	2.6129E-09
7310	2.60382E-09
7315	2.6403E-09
7320	2.65519E-09
7325	2.63875E-09
7330	2.62767E-09
7335	2.65191E-09
7340	2.68081E-09
7345	2.66878E-09
7350	2.63605E-09
7355	2.6152E-09
7360	2.62317E-09
7365	2.62554E-09
7370	2.63598E-09
7375	2.64023E-09
7380	2.629E-09
7385	2.56656E-09
7390	2.53546E-09
7395	2.57108E-09
7400	2.5899E-09
7405	2.58363E-09
7410	2.54695E-09
7415	2.53833E-09
7420	2.55247E-09
7425	2.59074E-09
7430	2.62481E-09
7435	2.63407E-09
7440	2.60799E-09
7445	2.57537E-09
7450	2.59313E-09
7455	2.61607E-09
7460	2.60796E-09
7465	2.61533E-09
7470	2.62983E-09
7475	2.61475E-09
7480	2.5998E-09
7485	2.59657E-09
7490	2.57953E-09
7495	2.55336E-09
7500	2.56421E-09
7505	2.55986E-09
7510	2.53125E-09
7515	2.55545E-09
7520	2.56992E-09
7525	2.54924E-09
7530	2.54107E-09
7535	2.5619E-09
7540	2.57937E-09
7545	2.57143E-09
7550	2.55949E-09
7555	2.54903E-09
7560	2.54503E-09
7565	2.54637E-09
7570	2.53863E-09
7575	2.5384E-09
7580	2.53442E-09
7585	2.52981E-09
7590	2.5448E-09
7595	2.55887E-09
7600	2.55745E-09
7605	2.54035E-09
7610	2.51837E-09
7615	2.50541E-09
7620	2.51062E-09
7625	2.52098E-09
7630	2.52244E-09
7635	2.52657E-09
7640	2.52555E-09
7645	2.51955E-09
7650	2.51243E-09
7655	2.49774E-09
7660	2.47996E-09
7665	2.47607E-09
7670	2.49086E-09
7675	2.50277E-09
7680	2.49903E-09
7685	2.49153E-09
7690	2.48748E-09
7695	2.47886E-09
7700	2.48172E-09
7705	2.48811E-09
7710	2.48405E-09
7715	2.47283E-09
7720	2.4713E-09
7725	2.46502E-09
7730	2.46253E-09
7735	2.47815E-09
7740	2.46965E-09
7745	2.42776E-09
7750	2.4131E-09
7755	2.44823E-09
7760	2.46595E-09
7765	2.47067E-09
7770	2.45377E-09
7775	2.42843E-09
7780	2.41804E-09
7785	2.42878E-09
7790	2.43594E-09
7795	2.4327E-09
7800	2.42347E-09
7805	2.42293E-09
7810	2.42126E-09
7815	2.43862E-09
7820	2.44464E-09
7825	2.44181E-09
7830	2.40999E-09
7835	2.38811E-09
7840	2.40863E-09
7845	2.41674E-09
7850	2.41169E-09
7855	2.41501E-09
7860	2.42061E-09
7865	2.41591E-09
7870	2.40828E-09
7875	2.40324E-09
7880	2.39214E-09
7885	2.41288E-09
7890	2.40795E-09
7895	2.38295E-09
7900	2.37349E-09
7905	2.38266E-09
7910	2.38266E-09
7915	2.36879E-09
7920	2.34999E-09
7925	2.3457E-09
7930	2.33256E-09
7935	2.31447E-09
7940	2.31135E-09
7945	2.29803E-09
7950	2.32053E-09
7955	2.34368E-09
7960	2.34619E-09
7965	2.35493E-09
7970	2.36154E-09
7975	2.36273E-09
7980	2.36094E-09
7985	2.36188E-09
7990	2.35554E-09
7995	2.32223E-09
8000	2.29564E-09
8005	2.31423E-09
8010	2.32544E-09
8015	2.33406E-09
8020	2.33129E-09
8025	2.30116E-09
8030	2.28789E-09
8035	2.3068E-09
8040	2.3131E-09
8045	2.28065E-09
8050	2.2712E-09
8055	2.30043E-09
8060	2.32234E-09
8065	2.31072E-09
8070	2.29647E-09
8075	2.29455E-09
8080	2.29829E-09
8085	2.28321E-09
8090	2.27503E-09
8095	2.25604E-09
8100	2.25589E-09
8105	2.27752E-09
8110	2.29011E-09
8115	2.27927E-09
8120	2.27491E-09
8125	2.28249E-09
8130	2.27383E-09
8135	2.26032E-09
8140	2.24545E-09
8145	2.22434E-09
8150	2.20996E-09
8155	2.20905E-09
8160	2.20058E-09
8165	2.1753E-09
8170	2.17129E-09
8175	2.17426E-09
8180	2.16417E-09
8185	2.15374E-09
8190	2.15291E-09
8195	2.11342E-09
8200	2.12118E-09
8205	2.19226E-09
8210	2.22123E-09
8215	2.20989E-09
8220	2.16163E-09
8225	2.11909E-09
8230	2.08016E-09
8235	2.13484E-09
8240	2.18748E-09
8245	2.2006E-09
8250	2.20044E-09
8255	2.18278E-09
8260	2.19235E-09
8265	2.2145E-09
8270	2.20932E-09
8275	2.16989E-09
8280	2.15129E-09
8285	2.15586E-09
8290	2.14875E-09
8295	2.14897E-09
8300	2.15213E-09
8305	2.14606E-09
8310	2.1434E-09
8315	2.14136E-09
8320	2.1362E-09
8325	2.13133E-09
8330	2.10934E-09
8335	2.09602E-09
8340	2.09671E-09
8345	2.10993E-09
8350	2.13921E-09
8355	2.15838E-09
8360	2.14985E-09
8365	2.14112E-09
8370	2.1394E-09
8375	2.14082E-09
8380	2.13587E-09
8385	2.10818E-09
8390	2.10357E-09
8395	2.12996E-09
8400	2.14226E-09
8405	2.1332E-09
8410	2.1271E-09
8415	2.12287E-09
8420	2.11562E-09
8425	2.11222E-09
8430	2.11377E-09
8435	2.09674E-09
8439.6643	1.81E-09
8440.0312	2.03E-09
8440.3982	2.09E-09
8440.7651	2.09E-09
8441.1321	2.11E-09
8441.4991	2.11E-09
8441.8662	2.10E-09
8442.2332	2.11E-09
8442.6002	2.12E-09
8442.9673	2.12E-09
8443.3344	2.11E-09
8443.7015	2.05E-09
8444.0686	2.01E-09
8444.4358	2.06E-09
8444.8029	2.10E-09
8445.1701	2.11E-09
8445.5372	2.10E-09
8445.9044	2.04E-09
8446.2717	1.87E-09
8446.6389	1.86E-09
8447.0061	2.02E-09
8447.3734	2.10E-09
8447.7407	2.10E-09
8448.108	2.11E-09
8448.4753	2.12E-09
8448.8426	2.12E-09
8449.2099	2.11E-09
8449.5773	2.09E-09
8449.9447	2.05E-09
8450.3121	2.06E-09
8450.6795	2.08E-09
8451.0469	2.08E-09
8451.4143	2.11E-09
8451.7818	2.11E-09
8452.1492	2.10E-09
8452.5167	2.11E-09
8452.8842	2.11E-09
8453.2517	2.11E-09
8453.6193	2.11E-09
8453.9868	2.11E-09
8454.3544	2.11E-09
8454.722	2.11E-09
8455.0896	2.10E-09
8455.4572	2.09E-09
8455.8248	2.09E-09
8456.1925	2.09E-09
8456.5601	2.09E-09
8456.9278	2.08E-09
8457.2955	2.09E-09
8457.6632	2.10E-09
8458.0309	2.10E-09
8458.3987	2.10E-09
8458.7664	2.05E-09
8459.1342	2.04E-09
8459.502	2.09E-09
8459.8698	2.09E-09
8460.2376	2.09E-09
8460.6054	2.10E-09
8460.9733	2.11E-09
8461.3412	2.10E-09
8461.709	2.10E-09
8462.0769	2.11E-09
8462.4449	2.11E-09
8462.8128	2.11E-09
8463.1807	2.10E-09
8463.5487	2.08E-09
8463.9167	2.07E-09
8464.2847	2.09E-09
8464.6527	2.10E-09
8465.0207	2.09E-09
8465.3888	2.08E-09
8465.7568	2.06E-09
8466.1249	2.05E-09
8466.493	2.04E-09
8466.8611	2.07E-09
8467.2292	2.08E-09
8467.5974	2.08E-09
8467.9655	1.94E-09
8468.3337	1.60E-09
8468.7019	1.80E-09
8469.0701	2.05E-09
8469.4383	2.09E-09
8469.8065	2.09E-09
8470.1748	2.09E-09
8470.5431	2.10E-09
8470.9113	2.09E-09
8471.2797	2.05E-09
8471.648	1.94E-09
8472.0163	1.99E-09
8472.3846	2.07E-09
8472.753	2.09E-09
8473.1214	2.10E-09
8473.4898	2.07E-09
8473.8582	2.07E-09
8474.2266	2.09E-09
8474.5951	2.10E-09
8474.9635	2.10E-09
8475.332	2.10E-09
8475.7005	2.10E-09
8476.069	2.10E-09
8476.4375	2.09E-09
8476.8061	2.09E-09
8477.1746	2.09E-09
8477.5432	2.09E-09
8477.9118	2.09E-09
8478.2804	2.09E-09
8478.649	2.09E-09
8479.0177	2.10E-09
8479.3863	2.09E-09
8479.755	2.08E-09
8480.1237	2.08E-09
8480.4924	2.07E-09
8480.8611	2.08E-09
8481.2298	2.08E-09
8481.5986	2.02E-09
8481.9673	1.92E-09
8482.3361	2.02E-09
8482.7049	2.08E-09
8483.0737	2.08E-09
8483.4426	2.09E-09
8483.8114	2.09E-09
8484.1803	2.09E-09
8484.5491	2.09E-09
8484.918	2.08E-09
8485.2869	2.09E-09
8485.6559	2.09E-09
8486.0248	2.09E-09
8486.3938	2.09E-09
8486.7627	2.09E-09
8487.1317	2.09E-09
8487.5007	2.07E-09
8487.8698	2.06E-09
8488.2388	2.06E-09
8488.6078	2.07E-09
8488.9769	2.08E-09
8489.346	2.08E-09
8489.7151	2.08E-09
8490.0842	2.08E-09
8490.4534	2.08E-09
8490.8225	2.08E-09
8491.1917	2.06E-09
8491.5609	2.05E-09
8491.9301	2.02E-09
8492.2993	2.02E-09
8492.6685	2.06E-09
8493.0377	2.05E-09
8493.407	2.04E-09
8493.7763	2.03E-09
8494.1456	2.04E-09
8494.5149	2.03E-09
8494.8842	2.02E-09
8495.2536	2.00E-09
8495.6229	1.97E-09
8495.9923	1.91E-09
8496.3617	1.85E-09
8496.7311	1.77E-09
8497.1005	1.62E-09
8497.47	1.35E-09
8497.8394	9.53E-10
8498.2089	9.55E-10
8498.5784	1.36E-09
8498.9479	1.62E-09
8499.3174	1.77E-09
8499.6869	1.87E-09
8500.0565	1.93E-09
8500.426	1.97E-09
8500.7956	1.99E-09
8501.1652	1.99E-09
8501.5348	1.94E-09
8501.9045	1.93E-09
8502.2741	1.91E-09
8502.6438	1.99E-09
8503.0135	2.03E-09
8503.3832	2.04E-09
8503.7529	2.04E-09
8504.1226	2.05E-09
8504.4924	2.04E-09
8504.8621	2.04E-09
8505.2319	2.04E-09
8505.6017	2.06E-09
8505.9715	2.06E-09
8506.3413	2.06E-09
8506.7112	2.05E-09
8507.081	2.06E-09
8507.4509	2.07E-09
8507.8208	2.07E-09
8508.1907	2.07E-09
8508.5606	2.07E-09
8508.9305	2.07E-09
8509.3005	2.07E-09
8509.6705	2.07E-09
8510.0404	2.05E-09
8510.4105	2.05E-09
8510.7805	2.06E-09
8511.1505	2.06E-09
8511.5206	2.07E-09
8511.8906	2.07E-09
8512.2607	2.07E-09
8512.6308	2.07E-09
8513.0009	2.06E-09
8513.371	2.05E-09
8513.7412	1.83E-09
8514.1114	1.59E-09
8514.4815	1.81E-09
8514.8517	1.78E-09
8515.2219	1.74E-09
8515.5922	1.99E-09
8515.9624	2.06E-09
8516.3327	2.07E-09
8516.7029	2.06E-09
8517.0732	2.05E-09
8517.4435	2.05E-09
8517.8139	2.04E-09
8518.1842	2.01E-09
8518.5546	2.03E-09
8518.9249	2.05E-09
8519.2953	2.06E-09
8519.6657	2.07E-09
8520.0361	2.07E-09
8520.4066	2.06E-09
8520.777	2.05E-09
8521.1475	2.05E-09
8521.518	2.05E-09
8521.8885	2.06E-09
8522.259	2.06E-09
8522.6295	2.06E-09
8523.0001	2.05E-09
8523.3707	2.05E-09
8523.7412	2.05E-09
8524.1118	2.06E-09
8524.4824	2.06E-09
8524.8531	2.05E-09
8525.2237	2.04E-09
8525.5944	2.03E-09
8525.9651	2.02E-09
8526.3358	1.93E-09
8526.7065	1.78E-09
8527.0772	1.78E-09
8527.4479	1.85E-09
8527.8187	2.00E-09
8528.1895	2.03E-09
8528.5603	2.04E-09
8528.9311	2.04E-09
8529.3019	2.04E-09
8529.6727	2.03E-09
8530.0436	2.02E-09
8530.4145	2.03E-09
8530.7853	2.03E-09
8531.1562	2.02E-09
8531.5272	2.01E-09
8531.8981	2.00E-09
8532.2691	2.01E-09
8532.64	2.01E-09
8533.011	2.00E-09
8533.382	1.99E-09
8533.753	1.99E-09
8534.1241	1.98E-09
8534.4951	1.97E-09
8534.8662	1.96E-09
8535.2372	1.95E-09
8535.6083	1.93E-09
8535.9795	1.85E-09
8536.3506	1.83E-09
8536.7217	1.88E-09
8537.0929	1.87E-09
8537.4641	1.84E-09
8537.8353	1.79E-09
8538.2065	1.75E-09
8538.5777	1.73E-09
8538.9489	1.68E-09
8539.3202	1.62E-09
8539.6915	1.56E-09
8540.0628	1.48E-09
8540.4341	1.40E-09
8540.8054	1.30E-09
8541.1767	1.19E-09
8541.5481	1.01E-09
8541.9195	7.29E-10
8542.2909	7.47E-10
8542.6623	1.03E-09
8543.0337	1.18E-09
8543.4051	1.30E-09
8543.7766	1.40E-09
8544.148	1.49E-09
8544.5195	1.56E-09
8544.891	1.63E-09
8545.2625	1.69E-09
8545.6341	1.74E-09
8546.0056	1.77E-09
8546.3772	1.80E-09
8546.7488	1.83E-09
8547.1204	1.86E-09
8547.492	1.87E-09
8547.8636	1.86E-09
8548.2353	1.88E-09
8548.6069	1.91E-09
8548.9786	1.92E-09
8549.3503	1.94E-09
8549.722	1.96E-09
8550.0937	1.95E-09
8550.4655	1.94E-09
8550.8372	1.96E-09
8551.209	1.98E-09
8551.5808	2.00E-09
8551.9526	2.00E-09
8552.3244	2.01E-09
8552.6963	2.01E-09
8553.0681	2.01E-09
8553.44	2.02E-09
8553.8119	2.02E-09
8554.1838	2.02E-09
8554.5557	2.02E-09
8554.9277	2.02E-09
8555.2996	2.00E-09
8555.6716	2.00E-09
8556.0436	2.01E-09
8556.4156	1.91E-09
8556.7876	1.75E-09
8557.1596	1.91E-09
8557.5317	2.03E-09
8557.9037	2.04E-09
8558.2758	2.04E-09
8558.6479	2.04E-09
8559.02	2.04E-09
8559.3922	2.02E-09
8559.7643	1.99E-09
8560.1365	2.02E-09
8560.5087	2.04E-09
8560.8808	2.04E-09
8561.2531	2.03E-09
8561.6253	2.03E-09
8561.9975	2.04E-09
8562.3698	2.04E-09
8562.7421	2.04E-09
8563.1144	2.05E-09
8563.4867	2.04E-09
8563.859	2.04E-09
8564.2313	2.04E-09
8564.6037	2.04E-09
8564.9761	2.04E-09
8565.3485	2.03E-09
8565.7209	2.03E-09
8566.0933	2.04E-09
8566.4657	2.05E-09
8566.8382	2.04E-09
8567.2107	2.04E-09
8567.5831	2.03E-09
8567.9556	2.03E-09
8568.3282	2.04E-09
8568.7007	2.04E-09
8569.0733	2.04E-09
8569.4458	2.04E-09
8569.8184	2.04E-09
8570.191	2.04E-09
8570.5636	2.04E-09
8570.9363	2.04E-09
8571.3089	2.03E-09
8571.6816	1.99E-09
8572.0543	2.01E-09
8572.427	2.05E-09
8572.7997	2.05E-09
8573.1724	2.03E-09
8573.5451	2.04E-09
8573.9179	2.05E-09
8574.2907	2.03E-09
8574.6635	2.03E-09
8575.0363	2.02E-09
8575.4091	2.02E-09
8575.782	2.04E-09
8576.1548	2.02E-09
8576.5277	2.00E-09
8576.9006	2.03E-09
8577.2735	2.04E-09
8577.6464	2.05E-09
8578.0194	2.05E-09
8578.3923	2.04E-09
8578.7653	2.03E-09
8579.1383	2.02E-09
8579.5113	2.04E-09
8579.8843	2.05E-09
8580.2574	2.05E-09
8580.6304	2.05E-09
8581.0035	2.05E-09
8581.3766	2.04E-09
8581.7497	1.97E-09
8582.1228	1.75E-09
8582.4959	1.81E-09
8582.8691	1.99E-09
8583.2423	2.01E-09
8583.6154	2.03E-09
8583.9886	2.04E-09
8584.3619	2.02E-09
8584.7351	1.97E-09
8585.1083	2.00E-09
8585.4816	2.04E-09
8585.8549	2.04E-09
8586.2282	2.04E-09
8586.6015	2.04E-09
8586.9748	2.03E-09
8587.3482	2.04E-09
8587.7215	2.03E-09
8588.0949	2.02E-09
8588.4683	2.02E-09
8588.8417	2.03E-09
8589.2151	2.03E-09
8589.5886	2.03E-09
8589.9621	2.03E-09
8590.3355	2.04E-09
8590.709	2.03E-09
8591.0825	2.02E-09
8591.4561	2.02E-09
8591.8296	2.03E-09
8592.2032	2.03E-09
8592.5767	1.98E-09
8592.9503	1.90E-09
8593.3239	1.98E-09
8593.6976	2.02E-09
8594.0712	2.03E-09
8594.4448	2.03E-09
8594.8185	2.03E-09
8595.1922	2.02E-09
8595.5659	1.99E-09
8595.9396	1.92E-09
8596.3134	1.97E-09
8596.6871	1.99E-09
8597.0609	1.95E-09
8597.4347	1.98E-09
8597.8085	2.01E-09
8598.1823	2.00E-09
8598.5561	1.92E-09
8598.93	1.88E-09
8599.3038	1.99E-09
8599.6777	2.02E-09
8600.0516	2.02E-09
8600.4255	2.01E-09
8600.7995	1.99E-09
8601.1734	1.99E-09
8601.5474	2.02E-09
8601.9214	2.03E-09
8602.2954	2.02E-09
8602.6694	2.01E-09
8603.0434	2.02E-09
8603.4174	2.02E-09
8603.7915	2.01E-09
8604.1656	2.02E-09
8604.5397	2.02E-09
8604.9138	2.02E-09
8605.2879	2.02E-09
8605.6621	2.01E-09
8606.0362	1.99E-09
8606.4104	1.98E-09
8606.7846	1.97E-09
8607.1588	1.95E-09
8607.533	2.01E-09
8607.9073	2.02E-09
8608.2815	2.02E-09
8608.6558	2.03E-09
8609.0301	2.03E-09
8609.4044	2.03E-09
8609.7787	2.02E-09
8610.153	2.01E-09
8610.5274	2.02E-09
8610.9018	2.03E-09
8611.2762	1.96E-09
8611.6506	1.69E-09
8612.025	1.76E-09
8612.3994	1.99E-09
8612.7739	2.03E-09
8613.1483	2.03E-09
8613.5228	2.01E-09
8613.8973	1.97E-09
8614.2718	2.00E-09
8614.6464	2.03E-09
8615.0209	2.03E-09
8615.3955	2.03E-09
8615.7701	1.99E-09
8616.1447	1.80E-09
8616.5193	1.85E-09
8616.8939	1.99E-09
8617.2686	2.02E-09
8617.6432	2.03E-09
8618.0179	2.00E-09
8618.3926	2.01E-09
8618.7673	2.02E-09
8619.142	2.02E-09
8619.5168	2.03E-09
8619.8916	2.03E-09
8620.2663	2.03E-09
8620.6411	2.03E-09
8621.0159	2.00E-09
8621.3908	1.78E-09
8621.7656	1.74E-09
8622.1405	1.97E-09
8622.5153	2.02E-09
8622.8902	2.02E-09
8623.2651	2.02E-09
8623.6401	2.03E-09
8624.015	2.03E-09
8624.39	2.03E-09
8624.7649	2.03E-09
8625.1399	2.03E-09
8625.5149	2.03E-09
8625.89	2.03E-09
8626.265	2.00E-09
8626.64	2.00E-09
8627.0151	2.02E-09
8627.3902	2.03E-09
8627.7653	2.03E-09
8628.1404	2.03E-09
8628.5156	2.03E-09
8628.8907	2.01E-09
8629.2659	2.00E-09
8629.6411	2.01E-09
8630.0163	2.02E-09
8630.3915	2.03E-09
8630.7667	2.03E-09
8631.142	2.02E-09
8631.5172	2.02E-09
8631.8925	2.00E-09
8632.2678	1.93E-09
8632.6431	1.94E-09
8633.0185	1.98E-09
8633.3938	2.00E-09
8633.7692	1.99E-09
8634.1446	1.99E-09
8634.52	2.01E-09
8634.8954	2.01E-09
8635.2708	2.02E-09
8635.6463	2.02E-09
8636.0217	2.02E-09
8636.3972	2.01E-09
8636.7727	2.00E-09
8637.1482	2.01E-09
8637.5237	2.02E-09
8637.8993	2.02E-09
8638.2748	2.02E-09
8638.6504	2.02E-09
8639.026	2.02E-09
8639.4016	2.02E-09
8639.7773	2.02E-09
8640.1529	2.02E-09
8640.5286	2.02E-09
8640.9042	2.02E-09
8641.2799	2.01E-09
8641.6556	2.00E-09
8642.0314	2.00E-09
8642.4071	2.00E-09
8642.7829	2.01E-09
8643.1586	2.00E-09
8643.5344	2.01E-09
8643.9102	2.01E-09
8644.286	2.01E-09
8644.6619	2.01E-09
8645.0377	2.01E-09
8645.4136	2.01E-09
8645.7895	2.01E-09
8646.1654	1.99E-09
8646.5413	1.99E-09
8646.9173	2.00E-09
8647.2932	2.00E-09
8647.6692	1.99E-09
8648.0452	1.90E-09
8648.4212	1.73E-09
8648.7972	1.85E-09
8649.1732	1.97E-09
8649.5493	1.98E-09
8649.9253	1.98E-09
8650.3014	1.99E-09
8650.6775	1.99E-09
8651.0536	1.98E-09
8651.4298	1.99E-09
8651.8059	1.98E-09
8652.1821	1.95E-09
8652.5583	1.93E-09
8652.9345	1.97E-09
8653.3107	1.97E-09
8653.6869	1.96E-09
8654.0632	1.95E-09
8654.4394	1.94E-09
8654.8157	1.94E-09
8655.192	1.93E-09
8655.5683	1.93E-09
8655.9446	1.93E-09
8656.321	1.92E-09
8656.6973	1.90E-09
8657.0737	1.88E-09
8657.4501	1.87E-09
8657.8265	1.85E-09
8658.203	1.83E-09
8658.5794	1.79E-09
8658.9559	1.75E-09
8659.3323	1.71E-09
8659.7088	1.65E-09
8660.0853	1.57E-09
8660.4619	1.48E-09
8660.8384	1.38E-09
8661.215	1.24E-09
8661.5915	1.01E-09
8661.9681	6.89E-10
8662.3447	7.67E-10
8662.7214	1.08E-09
8663.098	1.26E-09
8663.4747	1.37E-09
8663.8513	1.47E-09
8664.228	1.57E-09
8664.6047	1.64E-09
8664.9814	1.69E-09
8665.3582	1.74E-09
8665.7349	1.77E-09
8666.1117	1.81E-09
8666.4885	1.83E-09
8666.8653	1.84E-09
8667.2421	1.84E-09
8667.619	1.86E-09
8667.9958	1.87E-09
8668.3727	1.86E-09
8668.7496	1.87E-09
8669.1265	1.91E-09
8669.5034	1.93E-09
8669.8803	1.93E-09
8670.2573	1.91E-09
8670.6342	1.91E-09
8671.0112	1.91E-09
8671.3882	1.91E-09
8671.7652	1.88E-09
8672.1423	1.90E-09
8672.5193	1.95E-09
8672.8964	1.96E-09
8673.2735	1.97E-09
8673.6506	1.96E-09
8674.0277	1.94E-09
8674.4048	1.79E-09
8674.782	1.60E-09
8675.1591	1.81E-09
8675.5363	1.92E-09
8675.9135	1.97E-09
8676.2907	1.99E-09
8676.668	1.99E-09
8677.0452	1.99E-09
8677.4225	1.99E-09
8677.7997	1.99E-09
8678.177	1.99E-09
8678.5543	1.98E-09
8678.9317	1.95E-09
8679.309	1.93E-09
8679.6864	1.84E-09
8680.0638	1.76E-09
8680.4412	1.82E-09
8680.8186	1.91E-09
8681.196	1.98E-09
8681.5734	1.99E-09
8681.9509	1.99E-09
8682.3284	1.98E-09
8682.7059	1.97E-09
8683.0834	1.96E-09
8683.4609	1.98E-09
8683.8384	1.99E-09
8684.216	2.00E-09
8684.5936	2.00E-09
8684.9712	2.00E-09
8685.3488	2.00E-09
8685.7264	1.99E-09
8686.104	1.94E-09
8686.4817	1.91E-09
8686.8594	1.96E-09
8687.2371	1.98E-09
8687.6148	1.96E-09
8687.9925	1.88E-09
8688.3702	1.49E-09
8688.748	1.34E-09
8689.1257	1.77E-09
8689.5035	1.89E-09
8689.8813	1.82E-09
8690.2592	1.91E-09
8690.637	1.99E-09
8691.0149	2.00E-09
8691.3927	2.00E-09
8691.7706	2.00E-09
8692.1485	1.98E-09
8692.5264	1.98E-09
8692.9044	1.99E-09
8693.2823	1.99E-09
8693.6603	1.97E-09
8694.0383	1.95E-09
8694.4163	1.91E-09
8694.7943	1.91E-09
8695.1723	1.98E-09
8695.5504	2.00E-09
8695.9284	2.00E-09
8696.3065	2.00E-09
8696.6846	2.00E-09
8697.0627	1.99E-09
8697.4409	2.00E-09
8697.819	2.00E-09
8698.1972	1.99E-09
8698.5754	1.95E-09
8698.9536	1.90E-09
8699.3318	1.75E-09
8699.71	1.83E-09
8700.0883	1.98E-09
8700.4665	1.99E-09
8700.8448	1.97E-09
8701.2231	1.97E-09
8701.6014	1.99E-09
8701.9798	1.99E-09
8702.3581	1.99E-09
8702.7365	1.97E-09
8703.1149	1.94E-09
8703.4932	1.92E-09
8703.8717	1.95E-09
8704.2501	1.99E-09
8704.6285	1.99E-09
8705.007	1.99E-09
8705.3855	1.99E-09
8705.764	2.00E-09
8706.1425	2.00E-09
8706.521	1.99E-09
8706.8996	1.98E-09
8707.2781	1.99E-09
8707.6567	1.99E-09
8708.0353	1.98E-09
8708.4139	1.99E-09
8708.7925	1.99E-09
8709.1712	1.98E-09
8709.5498	1.97E-09
8709.9285	1.88E-09
8710.3072	1.73E-09
8710.6859	1.86E-09
8711.0646	1.98E-09
8711.4434	1.99E-09
8711.8221	1.98E-09
8712.2009	1.95E-09
8712.5797	1.83E-09
8712.9585	1.77E-09
8713.3373	1.81E-09
8713.7162	1.95E-09
8714.095	1.99E-09
8714.4739	1.99E-09
8714.8528	1.99E-09
8715.2317	1.99E-09
8715.6106	1.99E-09
8715.9896	1.99E-09
8716.3685	1.99E-09
8716.7475	1.99E-09
8717.1265	1.97E-09
8717.5055	1.86E-09
8717.8845	1.76E-09
8718.2635	1.91E-09
8718.6426	1.97E-09
8719.0217	1.98E-09
8719.4008	1.99E-09
8719.7799	1.99E-09
8720.159	1.99E-09
8720.5381	1.99E-09
8720.9173	1.98E-09
8721.2964	1.99E-09
8721.6756	1.99E-09
8722.0548	1.99E-09
8722.4341	1.99E-09
8722.8133	1.98E-09
8723.1925	1.99E-09
8723.5718	1.98E-09
8723.9511	1.97E-09
8724.3304	1.97E-09
8724.7097	1.98E-09
8725.0891	1.98E-09
8725.4684	1.98E-09
8725.8478	1.98E-09
8726.2272	1.98E-09
8726.6066	1.98E-09
8726.986	1.97E-09
8727.3654	1.96E-09
8727.7449	1.86E-09
8728.1243	1.80E-09
8728.5038	1.90E-09
8728.8833	1.92E-09
8729.2628	1.91E-09
8729.6424	1.97E-09
8730.0219	1.98E-09
8730.4015	1.97E-09
8730.7811	1.97E-09
8731.1607	1.97E-09
8731.5403	1.98E-09
8731.9199	1.98E-09
8732.2996	1.98E-09
8732.6792	1.98E-09
8733.0589	1.98E-09
8733.4386	1.98E-09
8733.8183	1.98E-09
8734.198	1.97E-09
8734.5778	1.96E-09
8734.9576	1.96E-09
8735.3373	1.93E-09
8735.7171	1.73E-09
8736.097	1.59E-09
8736.4768	1.83E-09
8736.8566	1.94E-09
8737.2365	1.94E-09
8737.6164	1.96E-09
8737.9963	1.97E-09
8738.3762	1.97E-09
8738.7561	1.97E-09
8739.1361	1.97E-09
8739.516	1.97E-09
8739.896	1.97E-09
8740.276	1.97E-09
8740.656	1.92E-09
8741.036	1.90E-09
8741.4161	1.95E-09
8741.7961	1.94E-09
8742.1762	1.81E-09
8742.5563	1.74E-09
8742.9364	1.91E-09
8743.3166	1.95E-09
8743.6967	1.95E-09
8744.0769	1.95E-09
8744.457	1.96E-09
8744.8372	1.95E-09
8745.2174	1.94E-09
8745.5977	1.94E-09
8745.9779	1.94E-09
8746.3582	1.94E-09
8746.7384	1.94E-09
8747.1187	1.91E-09
8747.499	1.88E-09
8747.8794	1.91E-09
8748.2597	1.92E-09
8748.6401	1.92E-09
8749.0205	1.91E-09
8749.4008	1.91E-09
8749.7813	1.90E-09
8750.1617	1.89E-09
8750.5421	1.88E-09
8750.9226	1.87E-09
8751.3031	1.86E-09
8751.6835	1.76E-09
8752.0641	1.67E-09
8752.4446	1.84E-09
8752.8251	1.91E-09
8753.2057	1.92E-09
8753.5863	1.92E-09
8753.9668	1.93E-09
8754.3474	1.94E-09
8754.7281	1.94E-09
8755.1087	1.94E-09
8755.4894	1.94E-09
8755.87	1.94E-09
8756.2507	1.95E-09
8756.6314	1.90E-09
8757.0122	1.67E-09
8757.3929	1.69E-09
8757.7737	1.92E-09
8758.1544	1.96E-09
8758.5352	1.96E-09
8758.916	1.96E-09
8759.2968	1.96E-09
8759.6777	1.96E-09
8760.0585	1.96E-09
8760.4394	1.96E-09
8760.8203	1.96E-09
8761.2012	1.96E-09
8761.5821	1.96E-09
8761.9631	1.96E-09
8762.344	1.96E-09
8762.725	1.97E-09
8763.106	1.96E-09
8763.487	1.95E-09
8763.868	1.92E-09
8764.249	1.93E-09
8764.6301	1.95E-09
8765.0112	1.95E-09
8765.3923	1.96E-09
8765.7734	1.96E-09
8766.1545	1.93E-09
8766.5356	1.90E-09
8766.9168	1.93E-09
8767.2979	1.95E-09
8767.6791	1.96E-09
8768.0603	1.96E-09
8768.4416	1.96E-09
8768.8228	1.95E-09
8769.204	1.96E-09
8769.5853	1.97E-09
8769.9666	1.97E-09
8770.3479	1.95E-09
8770.7292	1.93E-09
8771.1106	1.96E-09
8771.4919	1.96E-09
8771.8733	1.96E-09
8772.2547	1.94E-09
8772.6361	1.81E-09
8773.0175	1.77E-09
8773.3989	1.85E-09
8773.7804	1.71E-09
8774.1618	1.79E-09
8774.5433	1.94E-09
8774.9248	1.96E-09
8775.3064	1.96E-09
8775.6879	1.96E-09
8776.0694	1.96E-09
8776.451	1.97E-09
8776.8326	1.97E-09
8777.2142	1.97E-09
8777.5958	1.97E-09
8777.9774	1.96E-09
8778.3591	1.95E-09
8778.7408	1.94E-09
8779.1224	1.94E-09
8779.5041	1.96E-09
8779.8859	1.96E-09
8780.2676	1.96E-09
8785	1.96756E-09
8790	1.94375E-09
8795	1.94091E-09
8800	1.93644E-09
8805	1.88531E-09
8810	1.88688E-09
8815	1.93962E-09
8820	1.94932E-09
8825	1.93651E-09
8830	1.94932E-09
8835	1.93312E-09
8840	1.91967E-09
8845	1.93434E-09
8850	1.94328E-09
8855	1.93842E-09
8860	1.9115E-09
8865	1.88398E-09
8870	1.89202E-09
8875	1.91609E-09
8880	1.92685E-09
8885	1.93626E-09
8890	1.93571E-09
8895	1.92305E-09
8900	1.92615E-09
8905	1.93816E-09
8910	1.93062E-09
8915	1.92718E-09
8920	1.9138E-09
8925	1.89572E-09
8930	1.89241E-09
8935	1.91382E-09
8940	1.9139E-09
8945	1.89139E-09
8950	1.88274E-09
8955	1.8943E-09
8960	1.89099E-09
8965	1.87446E-09
8970	1.86843E-09
8975	1.86942E-09
8980	1.88658E-09
8985	1.85531E-09
8990	1.81823E-09
8995	1.88646E-09
9000	1.8528E-09
9005	1.83037E-09
9010	1.84112E-09
9015	1.82516E-09
9020	1.84209E-09
9025	1.84958E-09
9030	1.8903E-09
9035	1.91756E-09
9040	1.90955E-09
9045	1.90717E-09
9050	1.90511E-09
9055	1.89759E-09
9060	1.86224E-09
9065	1.84593E-09
9070	1.84781E-09
9075	1.84612E-09
9080	1.8213E-09
9085	1.81087E-09
9090	1.79771E-09
9095	1.78978E-09
9100	1.81038E-09
9105	1.83042E-09
9110	1.84088E-09
9115	1.82878E-09
9120	1.83168E-09
9125	1.84764E-09
9130	1.82169E-09
9135	1.8064E-09
9140	1.83568E-09
9145	1.83102E-09
9150	1.79942E-09
9155	1.78188E-09
9160	1.82636E-09
9165	1.84243E-09
9170	1.80848E-09
9175	1.7891E-09
9180	1.80863E-09
9185	1.8331E-09
9190	1.8295E-09
9195	1.81997E-09
9200	1.83464E-09
9205	1.82802E-09
9210	1.8004E-09
9215	1.77992E-09
9220	1.79671E-09
9225	1.83372E-09
9230	1.82319E-09
9235	1.7924E-09
9240	1.7855E-09
9245	1.79697E-09
9250	1.79632E-09
9255	1.77473E-09
9260	1.77645E-09
9265	1.82282E-09
9270	1.84134E-09
9275	1.83841E-09
9280	1.83099E-09
9285	1.82883E-09
9290	1.82666E-09
9295	1.80438E-09
9300	1.80091E-09
9305	1.77172E-09
9310	1.76308E-09
9315	1.72616E-09
9320	1.68624E-09
9325	1.68594E-09
9330	1.70198E-09
9335	1.6521E-09
9340	1.61738E-09
9345	1.60317E-09
9350	1.69377E-09
9355	1.63618E-09
9360	1.66152E-09
9365	1.70092E-09
9370	1.67857E-09
9375	1.69308E-09
9380	1.70405E-09
9385	1.75881E-09
9390	1.82651E-09
9395	1.87483E-09
9400	1.83446E-09
9405	1.80025E-09
9410	1.74439E-09
9415	1.73326E-09
9420	1.73539E-09
9425	1.69642E-09
9430	1.67865E-09
9435	1.70618E-09
9440	1.60812E-09
9445	1.66614E-09
9450	1.73728E-09
9455	1.6764E-09
9460	1.64958E-09
9465	1.72355E-09
9470	1.73857E-09
9475	1.71495E-09
9480	1.68948E-09
9485	1.72788E-09
9490	1.76133E-09
9495	1.67123E-09
9500	1.61852E-09
9505	1.72621E-09
9510	1.76985E-09
9515	1.7079E-09
9520	1.63801E-09
9525	1.66971E-09
9530	1.6975E-09
9535	1.72986E-09
9540	1.73306E-09
9545	1.67554E-09
9550	1.67762E-09
9555	1.66151E-09
9560	1.67118E-09
9565	1.65531E-09
9570	1.65936E-09
9575	1.70248E-09
9580	1.66647E-09
9585	1.65488E-09
9590	1.63423E-09
9595	1.6533E-09
9600	1.67971E-09
9605	1.66454E-09
9610	1.66618E-09
9615	1.6569E-09
9620	1.6422E-09
9625	1.62898E-09
9630	1.62864E-09
9635	1.60091E-09
9640	1.59696E-09
9645	1.59368E-09
9650	1.59427E-09
9655	1.59613E-09
9660	1.60431E-09
9665	1.60597E-09
9670	1.6356E-09
9675	1.66845E-09
9680	1.67604E-09
9685	1.68887E-09
9690	1.69128E-09
9695	1.70049E-09
9700	1.6805E-09
9705	1.66927E-09
9710	1.68346E-09
9715	1.69016E-09
9720	1.67864E-09
9725	1.66707E-09
9730	1.66567E-09
9735	1.63498E-09
9740	1.60263E-09
9745	1.59539E-09
9750	1.58694E-09
9755	1.56059E-09
9760	1.54982E-09
9765	1.56468E-09
9770	1.57722E-09
9775	1.57032E-09
9780	1.58806E-09
9785	1.59554E-09
9790	1.57179E-09
9795	1.56021E-09
9800	1.56936E-09
9805	1.57928E-09
9810	1.5961E-09
9815	1.57853E-09
9820	1.61097E-09
9825	1.59191E-09
9830	1.60296E-09
9835	1.60651E-09
9840	1.61498E-09
9845	1.57263E-09
9850	1.59441E-09
9855	1.59803E-09
9860	1.56512E-09
9865	1.56708E-09
9870	1.56385E-09
9875	1.5689E-09
9880	1.58333E-09
9885	1.56574E-09
9890	1.57876E-09
9895	1.57432E-09
9900	1.5682E-09
9905	1.59016E-09
9910	1.57039E-09
9915	1.52939E-09
9920	1.57518E-09
9925	1.55928E-09
9930	1.54512E-09
9935	1.54266E-09
9940	1.58243E-09
9945	1.5779E-09
9950	1.56414E-09
9955	1.57301E-09
9960	1.56432E-09
9965	1.56819E-09
9970	1.55426E-09
9975	1.55874E-09
9980	1.57026E-09
9985	1.53911E-09
9990	1.55959E-09
9995	1.56641E-09
10000	1.53326E-09
10005	1.55627E-09
10010	1.53452E-09
10015	1.52576E-09
10020	1.57717E-09
10025	1.54341E-09
10030	1.54987E-09
10035	1.52513E-09
10040	1.50587E-09
10045	1.48792E-09
10050	1.45075E-09
10055	1.47728E-09
10060	1.50611E-09
10065	1.48921E-09
10070	1.48887E-09
10075	1.53142E-09
10080	1.52671E-09
10085	1.50881E-09
10090	1.50232E-09
10095	1.47887E-09
10100	1.50077E-09
10105	1.50927E-09
10110	1.51936E-09
10115	1.50683E-09
10120	1.50664E-09
10125	1.47408E-09
10130	1.48775E-09
10135	1.48908E-09
10140	1.46602E-09
10145	1.48924E-09
10150	1.50234E-09
10155	1.49624E-09
10160	1.49154E-09
10165	1.5057E-09
10170	1.50264E-09
10175	1.45713E-09
10180	1.471E-09
10185	1.4754E-09
10190	1.48512E-09
10195	1.49436E-09
10200	1.49734E-09
10205	1.49022E-09
10210	1.47709E-09
10215	1.46397E-09
10220	1.45689E-09
10225	1.45984E-09
10230	1.4686E-09
10235	1.4769E-09
10240	1.47847E-09
10245	1.46911E-09
10250	1.45288E-09
10255	1.43591E-09
10260	1.42432E-09
10265	1.42257E-09
10270	1.42834E-09
10275	1.43765E-09
10280	1.44653E-09
10285	1.45179E-09
10290	1.45351E-09
10295	1.45258E-09
10300	1.44988E-09
10305	1.44609E-09
10310	1.44099E-09
10315	1.43414E-09
10320	1.4251E-09
10325	1.41394E-09
10330	1.4027E-09
10335	1.39391E-09
10340	1.39013E-09
10345	1.39287E-09
10350	1.39965E-09
10355	1.40694E-09
10360	1.41125E-09
10365	1.41036E-09
10370	1.40735E-09
10375	1.40661E-09
10380	1.41251E-09
10385	1.42757E-09
10390	1.44687E-09
10395	1.46361E-09
10400	1.47102E-09
10405	1.46458E-09
10410	1.44895E-09
10415	1.43108E-09
10420	1.4179E-09
10425	1.41421E-09
10430	1.41626E-09
10435	1.41816E-09
10440	1.414E-09
10445	1.40007E-09
10450	1.38129E-09
10455	1.36476E-09
10460	1.35758E-09
10465	1.36443E-09
10470	1.38037E-09
10475	1.39804E-09
10480	1.41009E-09
10485	1.41125E-09
10490	1.40465E-09
10495	1.3955E-09
10500	1.38902E-09
10505	1.38284E-09
10510	1.38467E-09
10515	1.38708E-09
10520	1.38842E-09
10525	1.38749E-09
10530	1.385E-09
10535	1.38212E-09
10540	1.38004E-09
10545	1.37952E-09
10550	1.37974E-09
10555	1.37945E-09
10560	1.37741E-09
10565	1.3728E-09
10570	1.36646E-09
10575	1.35964E-09
10580	1.35359E-09
10585	1.34925E-09
10590	1.34616E-09
10595	1.34359E-09
10600	1.34074E-09
10605	1.33704E-09
10610	1.33256E-09
10615	1.32756E-09
10620	1.32228E-09
10625	1.32959E-09
10630	1.32648E-09
10635	1.32336E-09
10640	1.32026E-09
10645	1.31719E-09
10650	1.31418E-09
10655	1.31125E-09
10660	1.30841E-09
10665	1.30569E-09
10670	1.3031E-09
10675	1.30067E-09
10680	1.29842E-09
10685	1.29637E-09
10690	1.29453E-09
10695	1.29294E-09
10700	1.2916E-09
10705	1.29053E-09
10710	1.28971E-09
10715	1.28913E-09
10720	1.28874E-09
10725	1.28854E-09
10730	1.2885E-09
10735	1.28858E-09
10740	1.28878E-09
10745	1.28905E-09
10750	1.28939E-09
10755	1.28976E-09
10760	1.29013E-09
10765	1.2905E-09
10770	1.29082E-09
10775	1.29108E-09
10780	1.29125E-09
10785	1.29131E-09
10790	1.29123E-09
10795	1.29099E-09
10800	1.29056E-09
10805	1.28993E-09
10810	1.2891E-09
10815	1.28809E-09
10820	1.28691E-09
10825	1.28558E-09
10830	1.2841E-09
10835	1.2825E-09
10840	1.28078E-09
10845	1.27897E-09
10850	1.27707E-09
10855	1.27509E-09
10860	1.27306E-09
10865	1.27099E-09
10870	1.26888E-09
10875	1.26676E-09
10880	1.26464E-09
10885	1.26253E-09
10890	1.26044E-09
10895	1.2584E-09
10900	1.25641E-09
10905	1.25448E-09
10910	1.25262E-09
10915	1.25082E-09
10920	1.24908E-09
10925	1.24741E-09
10930	1.24579E-09
10935	1.24423E-09
10940	1.24273E-09
10945	1.24129E-09
10950	1.23989E-09
10955	1.23855E-09
10960	1.23725E-09
10965	1.236E-09
10970	1.2348E-09
10975	1.23364E-09
10980	1.23253E-09
10985	1.23146E-09
10990	1.23042E-09
10995	1.22942E-09
11000	1.22846E-09
11005	1.22754E-09
11010	1.22664E-09
11015	1.22576E-09
11020	1.2249E-09
11025	1.22404E-09
11030	1.22317E-09
11035	1.2223E-09
11040	1.22141E-09
11045	1.2205E-09
11050	1.21955E-09
11055	1.21857E-09
11060	1.21753E-09
11065	1.21645E-09
11070	1.2153E-09
11075	1.21409E-09
11080	1.2128E-09
11085	1.21143E-09
11090	1.20996E-09
11095	1.2084E-09
11100	1.20673E-09
11105	1.20495E-09
11110	1.20308E-09
11115	1.20111E-09
11120	1.19905E-09
11125	1.19693E-09
11130	1.19476E-09
11135	1.19253E-09
11140	1.19027E-09
11145	1.18799E-09
11150	1.18569E-09
11155	1.18338E-09
11160	1.18109E-09
11165	1.17881E-09
11170	1.17656E-09
11175	1.17435E-09
11180	1.1722E-09
11185	1.1701E-09
11190	1.16808E-09
11195	1.16614E-09
11200	1.1643E-09
11205	1.16256E-09
11210	1.16092E-09
11215	1.15936E-09
11220	1.1579E-09
11225	1.1565E-09
11230	1.15518E-09
11235	1.15391E-09
11240	1.1527E-09
11245	1.15153E-09
11250	1.1504E-09
11255	1.1493E-09
11260	1.14822E-09
11265	1.14715E-09
11270	1.1461E-09
11275	1.14504E-09
11280	1.14397E-09
11285	1.14288E-09
11290	1.14178E-09
11295	1.14064E-09
11300	1.13946E-09
11305	1.13824E-09
11310	1.13698E-09
11315	1.13569E-09
11320	1.13439E-09
11325	1.13308E-09
11330	1.13176E-09
11335	1.13046E-09
11340	1.12918E-09
11345	1.12792E-09
11350	1.12671E-09
11355	1.12554E-09
11360	1.12443E-09
11365	1.12339E-09
11370	1.12243E-09
11375	1.12154E-09
11380	1.12076E-09
11385	1.12008E-09
11390	1.11951E-09
11395	1.11907E-09
11400	1.11876E-09
11405	1.11859E-09
11410	1.11854E-09
11415	1.1186E-09
11420	1.11875E-09
11425	1.11896E-09
11430	1.11923E-09
11435	1.11952E-09
11440	1.11983E-09
11445	1.12013E-09
11450	1.12041E-09
11455	1.12064E-09
11460	1.12081E-09
11465	1.1209E-09
11470	1.1209E-09
11475	1.12077E-09
11480	1.12051E-09
11485	1.12009E-09
11490	1.1195E-09
11495	1.11872E-09
11500	1.11773E-09
11505	1.11651E-09
11510	1.11509E-09
11515	1.11348E-09
11520	1.11169E-09
11525	1.10977E-09
11530	1.10772E-09
11535	1.10556E-09
11540	1.10332E-09
11545	1.10102E-09
11550	1.09867E-09
11555	1.0963E-09
11560	1.09393E-09
11565	1.09157E-09
11570	1.08926E-09
11575	1.087E-09
11580	1.08483E-09
11585	1.08276E-09
11590	1.08081E-09
11595	1.07901E-09
11600	1.07737E-09
11605	1.0759E-09
11610	1.07461E-09
11615	1.07349E-09
11620	1.07252E-09
11625	1.0717E-09
11630	1.07101E-09
11635	1.07045E-09
11640	1.07E-09
11645	1.06966E-09
11650	1.06942E-09
11655	1.06926E-09
11660	1.06918E-09
11665	1.06917E-09
11670	1.06921E-09
11675	1.0693E-09
11680	1.06943E-09
11685	1.06958E-09
11690	1.06976E-09
11695	1.06994E-09
11700	1.07012E-09
11705	1.07029E-09
11710	1.07044E-09
11715	1.07057E-09
11720	1.07068E-09
11725	1.07075E-09
11730	1.07078E-09
11735	1.07076E-09
11740	1.07069E-09
11745	1.07057E-09
11750	1.07039E-09
11755	1.07014E-09
11760	1.06981E-09
11765	1.06941E-09
11770	1.06892E-09
11775	1.06835E-09
11780	1.06767E-09
11785	1.0669E-09
11790	1.06601E-09
11795	1.06502E-09
11800	1.06391E-09
11805	1.06268E-09
11810	1.06133E-09
11815	1.05988E-09
11820	1.05834E-09
11825	1.05671E-09
11830	1.05501E-09
11835	1.05323E-09
11840	1.05141E-09
11845	1.04955E-09
11850	1.04764E-09
11855	1.04571E-09
11860	1.04377E-09
11865	1.04182E-09
11870	1.03987E-09
11875	1.03794E-09
11880	1.03603E-09
11885	1.03415E-09
11890	1.03232E-09
11895	1.03054E-09
11900	1.02883E-09
11905	1.02718E-09
11910	1.02561E-09
11915	1.0241E-09
11920	1.02264E-09
11925	1.02125E-09
11930	1.01991E-09
11935	1.01863E-09
11940	1.01738E-09
11945	1.01619E-09
11950	1.01502E-09
11955	1.0139E-09
11960	1.0128E-09
11965	1.01174E-09
11970	1.01069E-09
11975	1.00967E-09
11980	1.00866E-09
11985	1.00767E-09
11990	1.00668E-09
11995	1.0057E-09
12000	1.00471E-09
12005	1.00373E-09
12010	1.00274E-09
12015	1.00177E-09
12020	1.00079E-09
12025	9.99836E-10
12030	9.98893E-10
12035	9.97967E-10
12040	9.97063E-10
12045	9.96188E-10
12050	9.95339E-10
12055	9.94526E-10
12060	9.93749E-10
12065	9.93012E-10
12070	9.92319E-10
12075	9.91672E-10
12080	9.91081E-10
12085	9.9054E-10
12090	9.90061E-10
12095	9.89643E-10
12100	9.89291E-10
12105	9.89008E-10
12110	9.88787E-10
12115	9.88623E-10
12120	9.88507E-10
12125	9.88431E-10
12130	9.88395E-10
12135	9.88387E-10
12140	9.88398E-10
12145	9.88427E-10
12150	9.88467E-10
12155	9.88507E-10
12160	9.8854E-10
12165	9.88565E-10
12170	9.88572E-10
12175	9.88551E-10
12180	9.885E-10
12185	9.88409E-10
12190	9.88275E-10
12195	9.8809E-10
12200	9.87843E-10
12205	9.87534E-10
12210	9.8716E-10
12215	9.86721E-10
12220	9.8622E-10
12225	9.85654E-10
12230	9.8503E-10
12235	9.84343E-10
12240	9.83599E-10
12245	9.82793E-10
12250	9.8193E-10
12255	9.81008E-10
12260	9.80027E-10
12265	9.78993E-10
12270	9.77904E-10
12275	9.7676E-10
12280	9.75563E-10
12285	9.7431E-10
12290	9.73011E-10
12295	9.71653E-10
12300	9.70248E-10
12305	9.68796E-10
12310	9.67301E-10
12315	9.65772E-10
12320	9.64222E-10
12325	9.62654E-10
12330	9.61079E-10
12335	9.59503E-10
12340	9.57939E-10
12345	9.56392E-10
12350	9.54875E-10
12355	9.5339E-10
12360	9.51949E-10
12365	9.50563E-10
12370	9.49238E-10
12375	9.47978E-10
12380	9.46798E-10
12385	9.45706E-10
12390	9.44708E-10
12395	9.43815E-10
12400	9.4303E-10
12405	9.42366E-10
12410	9.41807E-10
12415	9.4135E-10
12420	9.40983E-10
12425	9.40689E-10
12430	9.40464E-10
12435	9.40293E-10
12440	9.40166E-10
12445	9.40072E-10
12450	9.40003E-10
12455	9.39945E-10
12460	9.39887E-10
12465	9.39822E-10
12470	9.39734E-10
12475	9.39615E-10
12480	9.39451E-10
12485	9.39237E-10
12490	9.38958E-10
12495	9.38605E-10
12500	9.38166E-10
12505	9.37633E-10
12510	9.37012E-10
12515	9.36308E-10
12520	9.35531E-10
12525	9.34689E-10
12530	9.33792E-10
12535	9.32841E-10
12540	9.31846E-10
12545	9.30819E-10
12550	9.29766E-10
12555	9.28692E-10
12560	9.27607E-10
12565	9.26518E-10
12570	9.25432E-10
12575	9.24358E-10
12580	9.23305E-10
12585	9.22278E-10
12590	9.21283E-10
12595	9.20332E-10
12600	9.19435E-10
12605	9.1859E-10
12610	9.17795E-10
12615	9.17047E-10
12620	9.16332E-10
12625	9.15649E-10
12630	9.14989E-10
12635	9.14339E-10
12640	9.137E-10
12645	9.13061E-10
12650	9.12415E-10
12655	9.11758E-10
12660	9.11076E-10
12665	9.10368E-10
12670	9.09624E-10
12675	9.08836E-10
12680	9.08001E-10
12685	9.07108E-10
12690	9.0615E-10
12695	9.05122E-10
12700	9.04015E-10
12705	9.02825E-10
12710	9.01554E-10
12715	9.00215E-10
12720	8.9881E-10
12725	8.97351E-10
12730	8.95844E-10
12735	8.94294E-10
12740	8.92711E-10
12745	8.91103E-10
12750	8.89473E-10
12755	8.87836E-10
12760	8.86192E-10
12765	8.84551E-10
12770	8.82925E-10
12775	8.81313E-10
12780	8.79727E-10
12785	8.78177E-10
12790	8.76663E-10
12795	8.752E-10
12800	8.73795E-10
12805	8.72449E-10
12810	8.71164E-10
12815	8.69944E-10
12820	8.68786E-10
12825	8.6769E-10
12830	8.66659E-10
12835	8.65686E-10
12840	8.64779E-10
12845	8.63929E-10
12850	8.63145E-10
12855	8.62423E-10
12860	8.61762E-10
12865	8.61163E-10
12870	8.60626E-10
12875	8.60147E-10
12880	8.59733E-10
12885	8.59381E-10
12890	8.59087E-10
12895	8.58854E-10
12900	8.58684E-10
12905	8.58571E-10
12910	8.58513E-10
12915	8.58502E-10
12920	8.58528E-10
12925	8.58582E-10
12930	8.58658E-10
12935	8.58749E-10
12940	8.58847E-10
12945	8.58945E-10
12950	8.59036E-10
12955	8.59108E-10
12960	8.59156E-10
12965	8.59174E-10
12970	8.59148E-10
12975	8.59079E-10
12980	8.58956E-10
12985	8.58767E-10
12990	8.5851E-10
12995	8.58172E-10
13000	8.57751E-10
13005	8.57239E-10
13010	8.5664E-10
13015	8.55965E-10
13020	8.55217E-10
13025	8.54411E-10
13030	8.53547E-10
13035	8.52636E-10
13040	8.51685E-10
13045	8.50705E-10
13050	8.497E-10
13055	8.48679E-10
13060	8.47649E-10
13065	8.46621E-10
13070	8.45598E-10
13075	8.44592E-10
13080	8.43608E-10
13085	8.42654E-10
13090	8.41739E-10
13095	8.40871E-10
13100	8.40055E-10
13105	8.393E-10
13110	8.38595E-10
13115	8.37942E-10
13120	8.37328E-10
13125	8.36751E-10
13130	8.36196E-10
13135	8.35662E-10
13140	8.35143E-10
13145	8.34628E-10
13150	8.34112E-10
13155	8.33586E-10
13160	8.33045E-10
13165	8.32482E-10
13170	8.31891E-10
13175	8.31263E-10
13180	8.30588E-10
13185	8.29865E-10
13190	8.29085E-10
13195	8.28243E-10
13200	8.27324E-10
13205	8.26333E-10
13210	8.2527E-10
13215	8.24141E-10
13220	8.22957E-10
13225	8.21723E-10
13230	8.20445E-10
13235	8.19131E-10
13240	8.17788E-10
13245	8.16427E-10
13250	8.15051E-10
13255	8.13665E-10
13260	8.12281E-10
13265	8.10906E-10
13270	8.09544E-10
13275	8.08201E-10
13280	8.06891E-10
13285	8.05613E-10
13290	8.04383E-10
13295	8.03199E-10
13300	8.02074E-10
13305	8.0101E-10
13310	8.00008E-10
13315	7.99065E-10
13320	7.98172E-10
13325	7.97333E-10
13330	7.96538E-10
13335	7.9579E-10
13340	7.95079E-10
13345	7.94407E-10
13350	7.93768E-10
13355	7.93155E-10
13360	7.92571E-10
13365	7.92008E-10
13370	7.91467E-10
13375	7.90937E-10
13380	7.90422E-10
13385	7.89917E-10
13390	7.89412E-10
13395	7.88915E-10
13400	7.88411E-10
13405	7.87902E-10
13410	7.87391E-10
13415	7.86871E-10
13420	7.86349E-10
13425	7.85819E-10
13430	7.85285E-10
13435	7.84741E-10
13440	7.84196E-10
13445	7.83641E-10
13450	7.83082E-10
13455	7.82515E-10
13460	7.81942E-10
13465	7.81365E-10
13470	7.8078E-10
13475	7.80189E-10
13480	7.7959E-10
13485	7.78987E-10
13490	7.78374E-10
13495	7.77757E-10
13500	7.77132E-10
13505	7.76497E-10
13510	7.75858E-10
13515	7.75212E-10
13520	7.74559E-10
13525	7.73898E-10
13530	7.73226E-10
13535	7.72547E-10
13540	7.71865E-10
13545	7.71172E-10
13550	7.70468E-10
13555	7.69756E-10
13560	7.69037E-10
13565	7.68311E-10
13570	7.67571E-10
13575	7.66827E-10
13580	7.66072E-10
13585	7.65306E-10
13590	7.64532E-10
13595	7.63745E-10
13600	7.62953E-10
13605	7.62148E-10
13610	7.61338E-10
13615	7.60521E-10
13620	7.59708E-10
13625	7.58895E-10
13630	7.58089E-10
13635	7.57291E-10
13640	7.56507E-10
13645	7.55737E-10
13650	7.54986E-10
13655	7.54256E-10
13660	7.53548E-10
13665	7.52873E-10
13670	7.52227E-10
13675	7.51617E-10
13680	7.51043E-10
13685	7.5051E-10
13690	7.5002E-10
13695	7.4958E-10
13700	7.49188E-10
13705	7.48847E-10
13710	7.48557E-10
13715	7.4831E-10
13720	7.48099E-10
13725	7.47922E-10
13730	7.47773E-10
13735	7.47646E-10
13740	7.47537E-10
13745	7.47439E-10
13750	7.47348E-10
13755	7.47257E-10
13760	7.47163E-10
13765	7.47061E-10
13770	7.46945E-10
13775	7.46811E-10
13780	7.46651E-10
13785	7.46462E-10
13790	7.46241E-10
13795	7.45976E-10
13800	7.45667E-10
13805	7.45312E-10
13810	7.44905E-10
13815	7.44448E-10
13820	7.43943E-10
13825	7.43391E-10
13830	7.42792E-10
13835	7.42143E-10
13840	7.41449E-10
13845	7.40712E-10
13850	7.39928E-10
13855	7.39101E-10
13860	7.38226E-10
13865	7.37311E-10
13870	7.36353E-10
13875	7.35351E-10
13880	7.34309E-10
13885	7.33224E-10
13890	7.32098E-10
13895	7.30937E-10
13900	7.29732E-10
13905	7.2849E-10
13910	7.27216E-10
13915	7.2592E-10
13920	7.24613E-10
13925	7.23296E-10
13930	7.21982E-10
13935	7.20675E-10
13940	7.1939E-10
13945	7.1813E-10
13950	7.16903E-10
13955	7.1572E-10
13960	7.14584E-10
13965	7.13509E-10
13970	7.125E-10
13975	7.11567E-10
13980	7.10718E-10
13985	7.09959E-10
13990	7.09298E-10
13995	7.08747E-10
14000	7.08307E-10
14005	7.07992E-10
14010	7.07785E-10
14015	7.07679E-10
14020	7.07661E-10
14025	7.07723E-10
14030	7.07846E-10
14035	7.08021E-10
14040	7.08238E-10
14045	7.08485E-10
14050	7.0875E-10
14055	7.09019E-10
14060	7.09284E-10
14065	7.09531E-10
14070	7.09745E-10
14075	7.09919E-10
14080	7.10043E-10
14085	7.10097E-10
14090	7.10075E-10
14095	7.09966E-10
14100	7.09756E-10
14105	7.09436E-10
14110	7.09012E-10
14115	7.08489E-10
14120	7.07872E-10
14125	7.07168E-10
14130	7.06387E-10
14135	7.05534E-10
14140	7.04612E-10
14145	7.03632E-10
14150	7.02601E-10
14155	7.01519E-10
14160	7.00401E-10
14165	6.99251E-10
14170	6.98071E-10
14175	6.96873E-10
14180	6.95664E-10
14185	6.94444E-10
14190	6.93228E-10
14195	6.92016E-10
14200	6.90818E-10
14205	6.89638E-10
14210	6.88477E-10
14215	6.87333E-10
14220	6.86204E-10
14225	6.8509E-10
14230	6.83986E-10
14235	6.82897E-10
14240	6.81816E-10
14245	6.80745E-10
14250	6.79678E-10
14255	6.78618E-10
14260	6.77561E-10
14265	6.76509E-10
14270	6.75456E-10
14275	6.74403E-10
14280	6.73347E-10
14285	6.72291E-10
14290	6.71227E-10
14295	6.7016E-10
14300	6.69085E-10
14305	6.75732E-10
14310	6.86121E-10
14315	6.93708E-10
14320	6.95987E-10
14325	6.92027E-10
14330	6.84349E-10
14335	6.74857E-10
14340	6.66882E-10
14345	6.62776E-10
14350	6.62522E-10
14355	6.64435E-10
14360	6.66446E-10
14365	6.67081E-10
14370	6.658E-10
14375	6.62914E-10
14380	6.59422E-10
14385	6.56667E-10
14390	6.55603E-10
14395	6.56224E-10
14400	6.57709E-10
14405	6.5903E-10
14410	6.59484E-10
14415	6.58816E-10
14420	6.57124E-10
14425	6.54848E-10
14430	6.52554E-10
14435	6.51004E-10
14440	6.50322E-10
14445	6.50547E-10
14450	6.51422E-10
14455	6.5258E-10
14460	6.53509E-10
14465	6.53857E-10
14470	6.53705E-10
14475	6.536E-10
14480	6.54231E-10
14485	6.55977E-10
14490	6.58743E-10
14495	6.61803E-10
14500	6.711E-10
14505	6.73409E-10
14510	6.72882E-10
14515	6.68918E-10
14520	6.61455E-10
14525	6.52082E-10
14530	6.43428E-10
14535	6.37617E-10
14540	6.35243E-10
14545	6.35943E-10
14550	6.39138E-10
14555	6.43523E-10
14560	6.48452E-10
14565	6.52543E-10
14570	6.54333E-10
14575	6.53128E-10
14580	6.4952E-10
14585	6.44978E-10
14590	6.41116E-10
14595	6.39109E-10
14600	6.39497E-10
14605	6.42205E-10
14610	6.46372E-10
14615	6.50376E-10
14620	6.52329E-10
14625	6.50797E-10
14630	6.45399E-10
14635	6.36931E-10
14640	6.27181E-10
14645	6.18498E-10
14650	6.1314E-10
14655	6.12428E-10
14660	6.16225E-10
14665	6.23558E-10
14670	6.31272E-10
14675	6.37504E-10
14680	6.40771E-10
14685	6.40797E-10
14690	6.38314E-10
14695	6.34662E-10
14700	6.31206E-10
14705	6.2885E-10
14710	6.27914E-10
14715	6.28255E-10
14720	6.29373E-10
14725	6.3064E-10
14730	6.31783E-10
14735	6.33206E-10
14740	6.35726E-10
14745	6.39762E-10
14750	6.44612E-10
14755	6.48409E-10
14760	6.48986E-10
14765	6.45069E-10
14770	6.36749E-10
14775	6.25413E-10
14780	6.12755E-10
14785	6.01447E-10
14790	5.93618E-10
14795	5.9055E-10
14800	5.92129E-10
14805	5.96968E-10
14810	6.03106E-10
14815	6.08856E-10
14820	6.13419E-10
14825	6.16853E-10
14830	6.19648E-10
14835	6.22178E-10
14840	6.24306E-10
14845	6.25235E-10
14850	6.23754E-10
14855	6.18748E-10
14860	6.09844E-10
14865	5.97926E-10
14870	5.85232E-10
14875	5.74821E-10
14880	5.69471E-10
14885	5.70585E-10
14890	5.77722E-10
14895	5.88717E-10
14900	6.01052E-10
14905	6.11368E-10
14910	6.17735E-10
14915	6.19282E-10
14920	6.16679E-10
14925	6.11782E-10
14930	6.06871E-10
14935	6.03742E-10
14940	6.03103E-10
14945	6.04515E-10
14950	6.06769E-10
14955	6.08562E-10
14960	6.09045E-10
14965	6.08083E-10
14970	6.06225E-10
14975	6.04449E-10
14980	6.03789E-10
14985	6.04783E-10
14990	6.0707E-10
14995	6.09375E-10
15000	6.09942E-10
