#   xsum       ysum
#
3000	1.69202E-10
3005	1.69938E-10
3010	1.73256E-10
3015	1.78817E-10
3020	1.86277E-10
3025	1.95301E-10
3030	2.05549E-10
3035	2.16682E-10
3040	2.28363E-10
3045	2.40248E-10
3050	2.51998E-10
3055	2.63335E-10
3060	2.74188E-10
3065	2.84541E-10
3070	2.94386E-10
3075	3.03708E-10
3080	3.12492E-10
3085	3.20725E-10
3090	3.28399E-10
3095	3.35492E-10
3100	3.42E-10
3105	3.47928E-10
3110	3.53388E-10
3115	3.5851E-10
3120	3.63425E-10
3125	3.68267E-10
3130	3.73168E-10
3135	3.78261E-10
3140	3.83676E-10
3145	3.89543E-10
3150	3.96E-10
3155	4.03108E-10
3160	4.27926E-10
3165	4.69181E-10
3170	4.91785E-10
3175	4.84257E-10
3180	4.64128E-10
3185	4.52396E-10
3190	4.54937E-10
3195	4.70633E-10
3200	5.17496E-10
3205	5.18829E-10
3210	4.90729E-10
3215	4.41383E-10
3220	3.94164E-10
3225	3.73215E-10
3230	3.90563E-10
3235	4.46403E-10
3240	5.05779E-10
3245	5.38329E-10
3250	5.67235E-10
3255	6.1449E-10
3260	6.43817E-10
3265	6.23188E-10
3270	5.95839E-10
3275	6.07687E-10
3280	6.40089E-10
3285	6.65844E-10
3290	6.88081E-10
3295	7.1034E-10
3300	7.07433E-10
3305	6.61589E-10
3310	6.13354E-10
3315	6.03095E-10
3320	6.12087E-10
3325	6.13837E-10
3330	6.09833E-10
3335	6.07052E-10
3340	6.06392E-10
3345	6.05499E-10
3350	5.95062E-10
3355	5.68912E-10
3360	5.4034E-10
3365	5.25795E-10
3370	5.34855E-10
3375	5.70502E-10
3380	6.16247E-10
3385	6.53759E-10
3390	6.76821E-10
3395	6.84858E-10
3400	6.87674E-10
3405	6.94466E-10
3410	7.01592E-10
3415	7.0226E-10
3420	6.89994E-10
3425	6.61506E-10
3430	6.25979E-10
3435	5.95984E-10
3440	5.85218E-10
3445	6.0234E-10
3450	6.34735E-10
3455	6.64537E-10
3460	6.74124E-10
3465	6.54395E-10
3470	6.30092E-10
3475	6.27057E-10
3480	6.41704E-10
3485	6.6474E-10
3490	6.93464E-10
3495	7.26737E-10
3500	7.63026E-10
3505	7.95053E-10
3510	7.92846E-10
3515	7.39689E-10
3520	6.94521E-10
3525	7.13589E-10
3530	7.66685E-10
3535	8.07065E-10
3540	8.08314E-10
3545	7.59625E-10
3550	6.92361E-10
3555	6.39864E-10
3560	6.01248E-10
3565	5.682E-10
3570	5.36971E-10
3575	5.12233E-10
3580	5.27762E-10
3585	6.07626E-10
3590	7.07952E-10
3595	7.76482E-10
3600	7.95369E-10
3605	7.68943E-10
3610	7.55828E-10
3615	8.04622E-10
3620	8.69512E-10
3625	8.96755E-10
3630	8.95347E-10
3635	8.91234E-10
3640	9.15399E-10
3645	9.86638E-10
3650	1.06994E-09
3655	1.12433E-09
3660	1.13884E-09
3665	1.11549E-09
3670	1.0783E-09
3675	1.05296E-09
3680	1.04995E-09
3685	1.06905E-09
3690	1.08244E-09
3695	1.06379E-09
3700	1.02021E-09
3705	9.67587E-10
3710	9.23327E-10
3715	8.95241E-10
3720	8.51246E-10
3725	7.66453E-10
3730	6.84778E-10
3735	6.54141E-10
3740	6.69706E-10
3745	7.14769E-10
3750	7.77938E-10
3755	8.49064E-10
3760	9.177E-10
3765	9.74383E-10
3770	1.01394E-09
3775	1.02987E-09
3780	1.0061E-09
3785	9.36761E-10
3790	8.66481E-10
3795	8.362E-10
3800	8.21636E-10
3805	7.87452E-10
3810	7.19241E-10
3815	6.18476E-10
3820	5.29196E-10
3825	4.9327E-10
3830	5.01339E-10
3835	5.31417E-10
3840	5.62193E-10
3845	5.76538E-10
3850	5.73329E-10
3855	5.59412E-10
3860	5.57459E-10
3865	5.86495E-10
3870	6.35148E-10
3875	6.91624E-10
3880	7.72831E-10
3885	8.90682E-10
3890	1.00846E-09
3895	1.08639E-09
3900	1.1211E-09
3905	1.06499E-09
3910	1.04408E-09
3915	9.87719E-10
3920	8.86856E-10
3925	7.54757E-10
3930	6.49436E-10
3935	6.36658E-10
3940	7.24058E-10
3945	8.70891E-10
3950	9.92849E-10
3955	1.0133E-09
3960	9.57474E-10
3965	9.05892E-10
3970	9.31425E-10
3975	1.0797E-09
3980	1.31121E-09
3985	1.54407E-09
3990	1.72707E-09
3995	1.83746E-09
4000	1.8891E-09
4005	1.91934E-09
4010	1.95073E-09
4015	1.98749E-09
4020	2.02465E-09
4025	2.0469E-09
4030	2.03631E-09
4035	1.99306E-09
4040	1.94529E-09
4045	1.91963E-09
4050	1.90929E-09
4055	1.89369E-09
4060	1.8672E-09
4065	1.83942E-09
4070	1.83365E-09
4075	1.87347E-09
4080	1.95183E-09
4085	2.03762E-09
4090	2.1002E-09
4095	2.11662E-09
4100	2.08901E-09
4105	2.04277E-09
4110	2.00144E-09
4115	1.97693E-09
4120	1.96808E-09
4125	1.96027E-09
4130	1.94084E-09
4135	1.91057E-09
4140	1.87551E-09
4145	1.84597E-09
4150	1.8392E-09
4155	1.85656E-09
4160	1.86848E-09
4165	1.85362E-09
4170	1.82992E-09
4175	1.82329E-09
4180	1.84046E-09
4185	1.8735E-09
4190	1.90857E-09
4195	1.93914E-09
4200	1.9723E-09
4205	2.01891E-09
4210	2.07622E-09
4215	2.12723E-09
4220	2.15831E-09
4225	2.16651E-09
4230	2.16806E-09
4235	2.19E-09
4240	2.23252E-09
4245	2.27612E-09
4250	2.31121E-09
4255	2.32444E-09
4260	2.30127E-09
4265	2.25318E-09
4270	2.20647E-09
4275	2.17813E-09
4280	2.16367E-09
4285	2.13169E-09
4290	2.04348E-09
4295	1.90417E-09
4300	1.8111E-09
4305	1.86423E-09
4310	2.04058E-09
4315	2.26035E-09
4320	2.45142E-09
4325	2.55952E-09
4330	2.60346E-09
4335	2.63298E-09
4340	2.65675E-09
4345	2.67438E-09
4350	2.70233E-09
4355	2.73961E-09
4360	2.75649E-09
4365	2.7276E-09
4370	2.64795E-09
4375	2.53504E-09
4380	2.44326E-09
4385	2.41795E-09
4390	2.44835E-09
4395	2.50757E-09
4400	2.57495E-09
4405	2.63504E-09
4410	2.6916E-09
4415	2.74911E-09
4420	2.79238E-09
4425	2.81405E-09
4430	2.83797E-09
4435	2.88197E-09
4440	2.91987E-09
4445	2.9177E-09
4450	2.87964E-09
4455	2.83463E-09
4460	2.82676E-09
4465	2.89051E-09
4470	2.99981E-09
4475	3.09976E-09
4480	3.15648E-09
4485	3.16544E-09
4490	3.17057E-09
4495	3.22647E-09
4500	3.3281E-09
4505	3.42568E-09
4510	3.46358E-09
4515	3.40502E-09
4520	3.27438E-09
4525	3.14093E-09
4530	3.06595E-09
4535	3.07483E-09
4540	3.14494E-09
4545	3.2258E-09
4550	3.27272E-09
4555	3.27466E-09
4560	3.25673E-09
4565	3.24779E-09
4570	3.25801E-09
4575	3.27728E-09
4580	3.2885E-09
4585	3.28269E-09
4590	3.26418E-09
4595	3.24936E-09
4600	3.26346E-09
4605	3.32382E-09
4610	3.41342E-09
4615	3.49969E-09
4620	3.5627E-09
4625	3.58126E-09
4630	3.5316E-09
4635	3.42216E-09
4640	3.31471E-09
4645	3.26683E-09
4650	3.26719E-09
4655	3.27345E-09
4660	3.26911E-09
4665	3.2588E-09
4670	3.25883E-09
4675	3.2857E-09
4680	3.32223E-09
4685	3.33365E-09
4690	3.31265E-09
4695	3.27382E-09
4700	3.24271E-09
4705	3.24795E-09
4710	3.29221E-09
4715	3.35145E-09
4720	3.39522E-09
4725	3.40748E-09
4730	3.40796E-09
4735	3.42767E-09
4740	3.4698E-09
4745	3.51465E-09
4750	3.53438E-09
4755	3.51367E-09
4760	3.47942E-09
4765	3.47137E-09
4770	3.4934E-09
4775	3.53142E-09
4780	3.5761E-09
4785	3.61429E-09
4790	3.63425E-09
4795	3.63647E-09
4800	3.63335E-09
4805	3.63858E-09
4810	3.65397E-09
4815	3.67096E-09
4820	3.67917E-09
4825	3.67176E-09
4830	3.65035E-09
4835	3.62147E-09
4840	3.58446E-09
4845	3.53137E-09
4850	3.45903E-09
4855	3.37139E-09
4860	3.28926E-09
4865	3.24423E-09
4870	3.25082E-09
4875	3.30492E-09
4880	3.38548E-09
4885	3.46171E-09
4890	3.51648E-09
4895	3.54728E-09
4900	3.54612E-09
4905	3.51157E-09
4910	3.47185E-09
4915	3.44997E-09
4920	3.44047E-09
4925	3.44061E-09
4930	3.46238E-09
4935	3.51304E-09
4940	3.57735E-09
4945	3.63107E-09
4950	3.66007E-09
4955	3.66029E-09
4960	3.64174E-09
4965	3.61612E-09
4970	3.57904E-09
4975	3.52866E-09
4980	3.48189E-09
4985	3.45262E-09
4990	3.43567E-09
4995	3.41704E-09
5000	3.38607E-09
5005	3.34605E-09
5010	3.31811E-09
5015	3.32165E-09
5020	3.35403E-09
5025	3.39496E-09
5030	3.42152E-09
5035	3.42594E-09
5040	3.42082E-09
5045	3.42704E-09
5050	3.45915E-09
5055	3.50649E-09
5060	3.53137E-09
5065	3.50799E-09
5070	3.45768E-09
5075	3.42118E-09
5080	3.41587E-09
5085	3.43581E-09
5090	3.46372E-09
5095	3.48023E-09
5100	3.48116E-09
5105	3.47651E-09
5110	3.4679E-09
5115	3.4501E-09
5120	3.42179E-09
5125	3.38183E-09
5130	3.33948E-09
5135	3.31139E-09
5140	3.30245E-09
5145	3.30509E-09
5150	3.29399E-09
5155	3.24334E-09
5160	3.16457E-09
5165	3.0878E-09
5170	3.03924E-09
5175	3.04051E-09
5180	3.08888E-09
5185	3.16245E-09
5190	3.23614E-09
5195	3.28871E-09
5200	3.31438E-09
5205	3.32329E-09
5210	3.33295E-09
5215	3.35372E-09
5220	3.38207E-09
5225	3.41021E-09
5230	3.4391E-09
5235	3.47495E-09
5240	3.50684E-09
5245	3.51338E-09
5250	3.47939E-09
5255	3.40016E-09
5260	3.30502E-09
5265	3.24477E-09
5270	3.25942E-09
5275	3.35812E-09
5280	3.48819E-09
5285	3.58248E-09
5290	3.62518E-09
5295	3.63645E-09
5300	3.64936E-09
5305	3.68444E-09
5310	3.71681E-09
5315	3.70375E-09
5320	3.63788E-09
5325	3.54781E-09
5330	3.48194E-09
5335	3.48357E-09
5340	3.55112E-09
5345	3.64308E-09
5350	3.71232E-09
5355	3.73238E-09
5360	3.70768E-09
5365	3.66839E-09
5370	3.65423E-09
5375	3.67361E-09
5380	3.68844E-09
5385	3.65913E-09
5390	3.58188E-09
5395	3.48635E-09
5400	3.42541E-09
5405	3.4343E-09
5410	3.49554E-09
5415	3.56793E-09
5420	3.6095E-09
5425	3.60067E-09
5430	3.57554E-09
5435	3.57567E-09
5440	3.6009E-09
5445	3.63467E-09
5450	3.66438E-09
5455	3.6762E-09
5460	3.66099E-09
5465	3.62158E-09
5470	3.57488E-09
5475	3.54254E-09
5480	3.53712E-09
5485	3.55762E-09
5490	3.59146E-09
5495	3.62127E-09
5500	3.62944E-09
5505	3.61242E-09
5510	3.59022E-09
5515	3.58205E-09
5520	3.58683E-09
5525	3.59578E-09
5530	3.6067E-09
5535	3.623E-09
5540	3.64708E-09
5545	3.67786E-09
5550	3.71009E-09
5555	3.73326E-09
5560	3.73279E-09
5565	3.70416E-09
5570	3.66935E-09
5575	3.64822E-09
5580	3.62481E-09
5585	3.58444E-09
5590	3.55046E-09
5595	3.54864E-09
5600	3.57711E-09
5605	3.61858E-09
5610	3.65339E-09
5615	3.66843E-09
5620	3.65807E-09
5625	3.63295E-09
5630	3.62873E-09
5635	3.66188E-09
5640	3.69452E-09
5645	3.68662E-09
5650	3.64699E-09
5655	3.60705E-09
5660	3.5799E-09
5665	3.57081E-09
5670	3.60205E-09
5675	3.67289E-09
5680	3.72063E-09
5685	3.69825E-09
5690	3.64012E-09
5695	3.59457E-09
5700	3.56423E-09
5705	3.54181E-09
5710	3.55154E-09
5715	3.61203E-09
5720	3.69072E-09
5725	3.74741E-09
5730	3.77245E-09
5735	3.76577E-09
5740	3.73294E-09
5745	3.68988E-09
5750	3.65532E-09
5755	3.64319E-09
5760	3.65389E-09
5765	3.67399E-09
5770	3.68603E-09
5775	3.6793E-09
5780	3.65628E-09
5785	3.63101E-09
5790	3.62034E-09
5795	3.63322E-09
5800	3.66701E-09
5805	3.71087E-09
5810	3.7513E-09
5815	3.78168E-09
5820	3.80311E-09
5825	3.81869E-09
5830	3.82936E-09
5835	3.82927E-09
5840	3.81106E-09
5845	3.77484E-09
5850	3.73119E-09
5855	3.69738E-09
5860	3.68337E-09
5865	3.6821E-09
5870	3.67434E-09
5875	3.63963E-09
5880	3.57473E-09
5885	3.5014E-09
5890	3.45187E-09
5895	3.45159E-09
5900	3.50302E-09
5905	3.58294E-09
5910	3.65772E-09
5915	3.70387E-09
5920	3.71802E-09
5925	3.71234E-09
5930	3.70324E-09
5935	3.69833E-09
5940	3.69539E-09
5945	3.69104E-09
5950	3.68702E-09
5955	3.6898E-09
5960	3.70383E-09
5965	3.72495E-09
5970	3.74061E-09
5975	3.74024E-09
5980	3.72308E-09
5985	3.69824E-09
5990	3.67875E-09
5995	3.67029E-09
6000	3.66801E-09
6005	3.64271E-09
6010	3.63572E-09
6015	3.62809E-09
6020	3.59165E-09
6025	3.60369E-09
6030	3.70267E-09
6035	3.77873E-09
6040	3.76846E-09
6045	3.82529E-09
6050	3.77944E-09
6055	3.75077E-09
6060	3.71758E-09
6065	3.7046E-09
6070	3.74415E-09
6075	3.72298E-09
6080	3.69029E-09
6085	3.64629E-09
6090	3.60627E-09
6095	3.61837E-09
6100	3.63419E-09
6105	3.60796E-09
6110	3.64232E-09
6115	3.6639E-09
6120	3.6331E-09
6125	3.61063E-09
6130	3.60613E-09
6135	3.55388E-09
6140	3.57015E-09
6145	3.61661E-09
6150	3.58645E-09
6155	3.57069E-09
6160	3.5011E-09
6165	3.47046E-09
6170	3.50494E-09
6175	3.54146E-09
6180	3.597E-09
6185	3.63192E-09
6190	3.59626E-09
6195	3.6557E-09
6200	3.68693E-09
6205	3.70513E-09
6210	3.63644E-09
6215	3.54808E-09
6220	3.54976E-09
6225	3.59774E-09
6230	3.53514E-09
6235	3.52543E-09
6240	3.48554E-09
6245	3.46028E-09
6250	3.4481E-09
6255	3.42452E-09
6260	3.46699E-09
6265	3.56155E-09
6270	3.59418E-09
6275	3.58172E-09
6280	3.5305E-09
6285	3.57197E-09
6290	3.61744E-09
6295	3.55651E-09
6300	3.51215E-09
6305	3.54311E-09
6310	3.56111E-09
6315	3.48982E-09
6320	3.49853E-09
6325	3.61017E-09
6330	3.6045E-09
6335	3.58096E-09
6340	3.56628E-09
6345	3.56035E-09
6350	3.58431E-09
6355	3.55831E-09
6360	3.49736E-09
6365	3.5361E-09
6370	3.63067E-09
6375	3.68673E-09
6380	3.67116E-09
6385	3.66768E-09
6390	3.6521E-09
6395	3.6254E-09
6400	3.61386E-09
6405	3.60568E-09
6410	3.59096E-09
6415	3.58041E-09
6420	3.59069E-09
6425	3.63717E-09
6430	3.60549E-09
6435	3.62144E-09
6440	3.63517E-09
6445	3.61781E-09
6450	3.5512E-09
6455	3.55305E-09
6460	3.55731E-09
6465	3.5548E-09
6470	3.56733E-09
6475	3.53425E-09
6480	3.50975E-09
6485	3.47923E-09
6490	3.44234E-09
6495	3.36508E-09
6500	3.43796E-09
6505	3.53047E-09
6510	3.56704E-09
6515	3.53701E-09
6520	3.54585E-09
6525	3.53444E-09
6530	3.53689E-09
6535	3.56609E-09
6540	3.59772E-09
6545	3.56236E-09
6550	3.47359E-09
6555	3.38238E-09
6560	3.21224E-09
6565	3.19363E-09
6570	3.35801E-09
6575	3.42459E-09
6580	3.49027E-09
6585	3.49174E-09
6590	3.46534E-09
6595	3.45403E-09
6600	3.49299E-09
6605	3.52682E-09
6610	3.52856E-09
6615	3.57279E-09
6620	3.58559E-09
6625	3.55376E-09
6630	3.49257E-09
6635	3.50068E-09
6640	3.53433E-09
6645	3.52813E-09
6650	3.54259E-09
6655	3.57715E-09
6660	3.51815E-09
6665	3.45178E-09
6670	3.47333E-09
6675	3.4875E-09
6680	3.52039E-09
6685	3.56471E-09
6690	3.61195E-09
6695	3.56682E-09
6700	3.53767E-09
6705	3.52523E-09
6710	3.49987E-09
6715	3.42553E-09
6720	3.44878E-09
6725	3.52665E-09
6730	3.5275E-09
6735	3.51532E-09
6740	3.49419E-09
6745	3.47403E-09
6750	3.45037E-09
6755	3.4352E-09
6760	3.49602E-09
6765	3.51594E-09
6770	3.50604E-09
6775	3.54838E-09
6780	3.55805E-09
6785	3.50039E-09
6790	3.50931E-09
6795	3.51933E-09
6800	3.5049E-09
6805	3.47572E-09
6810	3.51159E-09
6815	3.50982E-09
6820	3.51101E-09
6825	3.51201E-09
6830	3.51729E-09
6835	3.50732E-09
6840	3.48858E-09
6845	3.47665E-09
6850	3.47535E-09
6855	3.48284E-09
6860	3.48683E-09
6865	3.47615E-09
6870	3.45287E-09
6875	3.43296E-09
6880	3.42917E-09
6885	3.44488E-09
6890	3.46889E-09
6895	3.48386E-09
6900	3.47873E-09
6905	3.45755E-09
6910	3.43474E-09
6915	3.42436E-09
6920	3.42874E-09
6925	3.434E-09
6930	3.42957E-09
6935	3.41281E-09
6940	3.39238E-09
6945	3.37978E-09
6950	3.38222E-09
6955	3.39771E-09
6960	3.41213E-09
6965	3.41406E-09
6970	3.40358E-09
6975	3.34876E-09
6980	3.29212E-09
6985	3.34275E-09
6990	3.34745E-09
6995	3.33817E-09
7000	3.31215E-09
7005	3.32132E-09
7010	3.33338E-09
7015	3.29229E-09
7020	3.30509E-09
7025	3.28908E-09
7030	3.31994E-09
7035	3.32215E-09
7040	3.35894E-09
7045	3.39921E-09
7050	3.38749E-09
7055	3.36529E-09
7060	3.36288E-09
7065	3.34746E-09
7070	3.35477E-09
7075	3.39506E-09
7080	3.39645E-09
7085	3.33835E-09
7090	3.30741E-09
7095	3.30191E-09
7100	3.30534E-09
7105	3.29005E-09
7110	3.31406E-09
7115	3.30667E-09
7120	3.30215E-09
7125	3.28331E-09
7130	3.25869E-09
7135	3.29096E-09
7140	3.27957E-09
7145	3.27843E-09
7150	3.26404E-09
7155	3.29226E-09
7160	3.27964E-09
7165	3.25207E-09
7170	3.24761E-09
7175	3.21897E-09
7180	3.19242E-09
7185	3.13742E-09
7190	3.113E-09
7195	3.12743E-09
7200	3.12639E-09
7205	3.09762E-09
7210	3.12606E-09
7215	3.16491E-09
7220	3.20735E-09
7225	3.2297E-09
7230	3.2538E-09
7235	3.2294E-09
7240	3.1922E-09
7245	3.1758E-09
7250	3.17392E-09
7255	3.1909E-09
7260	3.19282E-09
7265	3.19769E-09
7270	3.22691E-09
7275	3.17674E-09
7280	3.13894E-09
7285	3.07755E-09
7290	3.02924E-09
7295	3.08333E-09
7300	3.11295E-09
7305	3.11939E-09
7310	3.1204E-09
7315	3.15678E-09
7320	3.16484E-09
7325	3.1675E-09
7330	3.1621E-09
7335	3.19912E-09
7340	3.24188E-09
7345	3.19654E-09
7350	3.1609E-09
7355	3.13763E-09
7360	3.1631E-09
7365	3.18001E-09
7370	3.19611E-09
7375	3.22163E-09
7380	3.20139E-09
7385	3.11499E-09
7390	3.07553E-09
7395	3.10526E-09
7400	3.09877E-09
7405	3.11662E-09
7410	3.09441E-09
7415	3.07365E-09
7420	3.07215E-09
7425	3.13783E-09
7430	3.19431E-09
7435	3.22319E-09
7440	3.21707E-09
7445	3.18509E-09
7450	3.18238E-09
7455	3.17612E-09
7460	3.13946E-09
7465	3.15438E-09
7470	3.18912E-09
7475	3.16111E-09
7480	3.16167E-09
7485	3.15105E-09
7490	3.12576E-09
7495	3.10623E-09
7500	3.15682E-09
7505	3.176E-09
7510	3.18718E-09
7515	3.21337E-09
7520	3.21837E-09
7525	3.18258E-09
7530	3.18094E-09
7535	3.22028E-09
7540	3.23285E-09
7545	3.22925E-09
7550	3.21516E-09
7555	3.2116E-09
7560	3.20632E-09
7565	3.20245E-09
7570	3.1985E-09
7575	3.19433E-09
7580	3.19102E-09
7585	3.18794E-09
7590	3.1842E-09
7595	3.1807E-09
7600	3.17846E-09
7605	3.1758E-09
7610	3.17242E-09
7615	3.1688E-09
7620	3.16522E-09
7625	3.16165E-09
7630	3.1581E-09
7635	3.15455E-09
7640	3.151E-09
7645	3.14746E-09
7650	3.1439E-09
7655	3.14035E-09
7660	3.13678E-09
7665	3.13323E-09
7670	3.12953E-09
7675	3.12522E-09
7680	3.12123E-09
7685	3.11856E-09
7690	3.11696E-09
7695	3.11327E-09
7700	3.10902E-09
7705	3.10459E-09
7710	3.10054E-09
7715	3.09694E-09
7720	3.09358E-09
7725	3.09004E-09
7730	3.09215E-09
7735	3.10419E-09
7740	3.09234E-09
7745	3.06832E-09
7750	3.07697E-09
7755	3.16041E-09
7760	3.18096E-09
7765	3.1664E-09
7770	3.11099E-09
7775	3.0592E-09
7780	3.041E-09
7785	3.06306E-09
7790	3.11158E-09
7795	3.13888E-09
7800	3.15197E-09
7805	3.12082E-09
7810	3.04793E-09
7815	3.04798E-09
7820	3.06531E-09
7825	3.0886E-09
7830	3.07398E-09
7835	3.05746E-09
7840	3.09746E-09
7845	3.11393E-09
7850	3.11994E-09
7855	3.10764E-09
7860	3.1123E-09
7865	3.07979E-09
7870	3.0544E-09
7875	3.03807E-09
7880	3.04855E-09
7885	3.05333E-09
7890	3.02782E-09
7895	2.95159E-09
7900	2.91737E-09
7905	2.91686E-09
7910	2.93022E-09
7915	2.93636E-09
7920	2.95966E-09
7925	2.93645E-09
7930	2.89045E-09
7935	2.84757E-09
7940	2.82546E-09
7945	2.82966E-09
7950	2.87182E-09
7955	2.88725E-09
7960	2.89906E-09
7965	2.8796E-09
7970	2.88491E-09
7975	2.90881E-09
7980	2.9165E-09
7985	2.94088E-09
7990	2.93254E-09
7995	2.8938E-09
8000	2.8545E-09
8005	2.87634E-09
8010	2.86917E-09
8015	2.89335E-09
8020	2.89569E-09
8025	2.86539E-09
8030	2.86073E-09
8035	2.89491E-09
8040	2.87074E-09
8045	2.83118E-09
8050	2.8291E-09
8055	2.86883E-09
8060	2.89579E-09
8065	2.84787E-09
8070	2.82176E-09
8075	2.80107E-09
8080	2.79725E-09
8085	2.78092E-09
8090	2.77132E-09
8095	2.74163E-09
8100	2.75663E-09
8105	2.75637E-09
8110	2.7533E-09
8115	2.74396E-09
8120	2.77141E-09
8125	2.80154E-09
8130	2.79536E-09
8135	2.78707E-09
8140	2.78569E-09
8145	2.77709E-09
8150	2.7724E-09
8155	2.78947E-09
8160	2.77098E-09
8165	2.74643E-09
8170	2.77544E-09
8175	2.77163E-09
8180	2.73803E-09
8185	2.71052E-09
8190	2.73491E-09
8195	2.72541E-09
8200	2.74118E-09
8205	2.77773E-09
8210	2.78071E-09
8215	2.78759E-09
8220	2.76231E-09
8225	2.73097E-09
8230	2.69154E-09
8235	2.74876E-09
8240	2.79656E-09
8245	2.8211E-09
8250	2.83831E-09
8255	2.80586E-09
8260	2.81921E-09
8265	2.83227E-09
8270	2.79496E-09
8275	2.77272E-09
8280	2.80836E-09
8285	2.81127E-09
8290	2.79783E-09
8295	2.77472E-09
8300	2.75869E-09
8305	2.74439E-09
8310	2.73453E-09
8315	2.75383E-09
8320	2.7254E-09
8325	2.714E-09
8330	2.69356E-09
8335	2.6877E-09
8340	2.68476E-09
8345	2.70281E-09
8350	2.7069E-09
8355	2.72165E-09
8360	2.71034E-09
8365	2.70344E-09
8370	2.71909E-09
8375	2.73781E-09
8380	2.72635E-09
8385	2.69829E-09
8390	2.70876E-09
8395	2.73436E-09
8400	2.72448E-09
8405	2.71617E-09
8410	2.70736E-09
8415	2.68514E-09
8420	2.6913E-09
8425	2.67092E-09
8430	2.65286E-09
8435	2.64117E-09
8439.6643	2.66517E-09
8440.0312	2.72293E-09
8440.3982	2.7392E-09
8440.7651	2.73973E-09
8441.1321	2.74107E-09
8441.4991	2.74133E-09
8441.8662	2.74107E-09
8442.2332	2.7424E-09
8442.6002	2.74267E-09
8442.9673	2.74267E-09
8443.3344	2.7416E-09
8443.7015	2.73627E-09
8444.0686	2.73227E-09
8444.4358	2.7376E-09
8444.8029	2.74107E-09
8445.1701	2.7416E-09
8445.5372	2.74133E-09
8445.9044	2.7344E-09
8446.2717	2.71253E-09
8446.6389	2.71387E-09
8447.0061	2.73307E-09
8447.3734	2.74E-09
8447.7407	2.74027E-09
8448.108	2.7408E-09
8448.4753	2.74107E-09
8448.8426	2.7408E-09
8449.2099	2.74027E-09
8449.5773	2.7384E-09
8449.9447	2.73493E-09
8450.3121	2.73493E-09
8450.6795	2.73573E-09
8451.0469	2.73653E-09
8451.4143	2.7392E-09
8451.7818	2.7392E-09
8452.1492	2.73867E-09
8452.5167	2.73867E-09
8452.8842	2.73867E-09
8453.2517	2.7384E-09
8453.6193	2.7384E-09
8453.9868	2.73787E-09
8454.3544	2.7376E-09
8454.722	2.7376E-09
8455.0896	2.73627E-09
8455.4572	2.73573E-09
8455.8248	2.736E-09
8456.1925	2.73547E-09
8456.5601	2.7352E-09
8456.9278	2.73387E-09
8457.2955	2.7344E-09
8457.6632	2.73467E-09
8458.0309	2.73467E-09
8458.3987	2.7344E-09
8458.7664	2.7296E-09
8459.1342	2.728E-09
8459.502	2.7328E-09
8459.8698	2.73307E-09
8460.2376	2.7328E-09
8460.6054	2.7336E-09
8460.9733	2.7336E-09
8461.3412	2.73307E-09
8461.709	2.7328E-09
8462.0769	2.73253E-09
8462.4449	2.732E-09
8462.8128	2.73173E-09
8463.1807	2.7304E-09
8463.5487	2.728E-09
8463.9167	2.72693E-09
8464.2847	2.72773E-09
8464.6527	2.72773E-09
8465.0207	2.72587E-09
8465.3888	2.7232E-09
8465.7568	2.72027E-09
8466.1249	2.71627E-09
8466.493	2.7104E-09
8466.8611	2.70667E-09
8467.2292	2.70293E-09
8467.5974	2.7024E-09
8467.9655	2.61867E-09
8468.3337	2.38213E-09
8468.7019	2.53891E-09
8469.0701	2.7072E-09
8469.4383	2.72373E-09
8469.8065	2.72427E-09
8470.1748	2.72507E-09
8470.5431	2.72587E-09
8470.9113	2.72533E-09
8471.2797	2.7208E-09
8471.648	2.70507E-09
8472.0163	2.7136E-09
8472.3846	2.72427E-09
8472.753	2.7264E-09
8473.1214	2.72693E-09
8473.4898	2.7256E-09
8473.8582	2.72533E-09
8474.2266	2.72693E-09
8474.5951	2.72693E-09
8474.9635	2.72693E-09
8475.332	2.72693E-09
8475.7005	2.72667E-09
8476.069	2.7264E-09
8476.4375	2.7256E-09
8476.8061	2.7256E-09
8477.1746	2.72533E-09
8477.5432	2.72507E-09
8477.9118	2.7256E-09
8478.2804	2.72533E-09
8478.649	2.72507E-09
8479.0177	2.7256E-09
8479.3863	2.7248E-09
8479.755	2.724E-09
8480.1237	2.72373E-09
8480.4924	2.72293E-09
8480.8611	2.7232E-09
8481.2298	2.72267E-09
8481.5986	2.71413E-09
8481.9673	2.6976E-09
8482.3361	2.71227E-09
8482.7049	2.7224E-09
8483.0737	2.72213E-09
8483.4426	2.7224E-09
8483.8114	2.72293E-09
8484.1803	2.72267E-09
8484.5491	2.72213E-09
8484.918	2.7216E-09
8485.2869	2.72133E-09
8485.6559	2.72107E-09
8486.0248	2.72107E-09
8486.3938	2.72107E-09
8486.7627	2.7208E-09
8487.1317	2.72027E-09
8487.5007	2.71893E-09
8487.8698	2.7176E-09
8488.2388	2.71707E-09
8488.6078	2.71813E-09
8488.9769	2.71867E-09
8489.346	2.7184E-09
8489.7151	2.71787E-09
8490.0842	2.7176E-09
8490.4534	2.71707E-09
8490.8225	2.71627E-09
8491.1917	2.71493E-09
8491.5609	2.7136E-09
8491.9301	2.7096E-09
8492.2993	2.7096E-09
8492.6685	2.712E-09
8493.0377	2.71067E-09
8493.407	2.7088E-09
8493.7763	2.70693E-09
8494.1456	2.70613E-09
8494.5149	2.70373E-09
8494.8842	2.7008E-09
8495.2536	2.69627E-09
8495.6229	2.68853E-09
8495.9923	2.67413E-09
8496.3617	2.65493E-09
8496.7311	2.61741E-09
8497.1005	2.51504E-09
8497.47	2.19229E-09
8497.8394	1.55565E-09
8498.2089	1.55845E-09
8498.5784	2.19429E-09
8498.9479	2.51339E-09
8499.3174	2.61357E-09
8499.6869	2.65173E-09
8500.0565	2.6696E-09
8500.426	2.67867E-09
8500.7956	2.68267E-09
8501.1652	2.68133E-09
8501.5348	2.67307E-09
8501.9045	2.66459E-09
8502.2741	2.65293E-09
8502.6438	2.66077E-09
8503.0135	2.67573E-09
8503.3832	2.68587E-09
8503.7529	2.69147E-09
8504.1226	2.69467E-09
8504.4924	2.6968E-09
8504.8621	2.6984E-09
8505.2319	2.70027E-09
8505.6017	2.70267E-09
8505.9715	2.70373E-09
8506.3413	2.704E-09
8506.7112	2.70427E-09
8507.081	2.70533E-09
8507.4509	2.70613E-09
8507.8208	2.7064E-09
8508.1907	2.70667E-09
8508.5606	2.70667E-09
8508.9305	2.70667E-09
8509.3005	2.70693E-09
8509.6705	2.7064E-09
8510.0404	2.7056E-09
8510.4105	2.7056E-09
8510.7805	2.70613E-09
8511.1505	2.70587E-09
8511.5206	2.70587E-09
8511.8906	2.70587E-09
8512.2607	2.70613E-09
8512.6308	2.70587E-09
8513.0009	2.70533E-09
8513.371	2.69467E-09
8513.7412	2.55323E-09
8514.1114	2.39848E-09
8514.4815	2.59523E-09
8514.8517	2.59856E-09
8515.2219	2.55904E-09
8515.5922	2.6728E-09
8515.9624	2.70347E-09
8516.3327	2.7048E-09
8516.7029	2.704E-09
8517.0732	2.7024E-09
8517.4435	2.7024E-09
8517.8139	2.7E-09
8518.1842	2.69627E-09
8518.5546	2.6984E-09
8518.9249	2.7016E-09
8519.2953	2.70213E-09
8519.6657	2.70267E-09
8520.0361	2.7024E-09
8520.4066	2.70187E-09
8520.777	2.70053E-09
8521.1475	2.7E-09
8521.518	2.70053E-09
8521.8885	2.70053E-09
8522.259	2.70027E-09
8522.6295	2.7E-09
8523.0001	2.6992E-09
8523.3707	2.6984E-09
8523.7412	2.69893E-09
8524.1118	2.6992E-09
8524.4824	2.6984E-09
8524.8531	2.6968E-09
8525.2237	2.69547E-09
8525.5944	2.69547E-09
8525.9651	2.69413E-09
8526.3358	2.67333E-09
8526.7065	2.64053E-09
8527.0772	2.64245E-09
8527.4479	2.65621E-09
8527.8187	2.68773E-09
8528.1895	2.69333E-09
8528.5603	2.69307E-09
8528.9311	2.6928E-09
8529.3019	2.692E-09
8529.6727	2.69067E-09
8530.0436	2.68987E-09
8530.4145	2.6896E-09
8530.7853	2.68907E-09
8531.1562	2.68773E-09
8531.5272	2.68613E-09
8531.8981	2.68507E-09
8532.2691	2.6848E-09
8532.64	2.68347E-09
8533.011	2.68213E-09
8533.382	2.68053E-09
8533.753	2.67867E-09
8534.1241	2.6768E-09
8534.4951	2.67467E-09
8534.8662	2.67173E-09
8535.2372	2.66853E-09
8535.6083	2.66355E-09
8535.9795	2.65061E-09
8536.3506	2.64597E-09
8536.7217	2.64888E-09
8537.0929	2.64331E-09
8537.4641	2.63408E-09
8537.8353	2.62109E-09
8538.2065	2.6064E-09
8538.5777	2.59035E-09
8538.9489	2.56627E-09
8539.3202	2.53213E-09
8539.6915	2.48563E-09
8540.0628	2.41691E-09
8540.4341	2.31149E-09
8540.8054	2.15029E-09
8541.1767	1.918E-09
8541.5481	1.59435E-09
8541.9195	1.16755E-09
8542.2909	1.19405E-09
8542.6623	1.62192E-09
8543.0337	1.92867E-09
8543.4051	2.15491E-09
8543.7766	2.31208E-09
8544.148	2.40912E-09
8544.5195	2.46851E-09
8544.891	2.50048E-09
8545.2625	2.51608E-09
8545.6341	2.54109E-09
8546.0056	2.57304E-09
8546.3772	2.59608E-09
8546.7488	2.6124E-09
8547.1204	2.62475E-09
8547.492	2.63291E-09
8547.8636	2.63629E-09
8548.2353	2.64237E-09
8548.6069	2.65E-09
8548.9786	2.65355E-09
8549.3503	2.65869E-09
8549.722	2.66253E-09
8550.0937	2.66307E-09
8550.4655	2.66352E-09
8550.8372	2.66667E-09
8551.209	2.6696E-09
8551.5808	2.672E-09
8551.9526	2.67333E-09
8552.3244	2.6744E-09
8552.6963	2.6752E-09
8553.0681	2.676E-09
8553.44	2.6768E-09
8553.8119	2.67733E-09
8554.1838	2.67787E-09
8554.5557	2.67813E-09
8554.9277	2.67787E-09
8555.2996	2.67653E-09
8555.6716	2.6768E-09
8556.0436	2.6776E-09
8556.4156	2.65741E-09
8556.7876	2.62256E-09
8557.1596	2.65797E-09
8557.5317	2.6792E-09
8557.9037	2.6808E-09
8558.2758	2.6808E-09
8558.6479	2.6808E-09
8559.02	2.6808E-09
8559.3922	2.6792E-09
8559.7643	2.67627E-09
8560.1365	2.67893E-09
8560.5087	2.68053E-09
8560.8808	2.68027E-09
8561.2531	2.68E-09
8561.6253	2.68E-09
8561.9975	2.68027E-09
8562.3698	2.68027E-09
8562.7421	2.6808E-09
8563.1144	2.6808E-09
8563.4867	2.68027E-09
8563.859	2.67947E-09
8564.2313	2.68E-09
8564.6037	2.67973E-09
8564.9761	2.67947E-09
8565.3485	2.67867E-09
8565.7209	2.67867E-09
8566.0933	2.67973E-09
8566.4657	2.68E-09
8566.8382	2.6792E-09
8567.2107	2.67867E-09
8567.5831	2.67787E-09
8567.9556	2.67787E-09
8568.3282	2.67893E-09
8568.7007	2.6784E-09
8569.0733	2.67787E-09
8569.4458	2.67787E-09
8569.8184	2.6776E-09
8570.191	2.67787E-09
8570.5636	2.67813E-09
8570.9363	2.67787E-09
8571.3089	2.67653E-09
8571.6816	2.67307E-09
8572.0543	2.67467E-09
8572.427	2.6776E-09
8572.7997	2.6776E-09
8573.1724	2.676E-09
8573.5451	2.67627E-09
8573.9179	2.67707E-09
8574.2907	2.67493E-09
8574.6635	2.67387E-09
8575.0363	2.67253E-09
8575.4091	2.672E-09
8575.782	2.6752E-09
8576.1548	2.6736E-09
8576.5277	2.67067E-09
8576.9006	2.67387E-09
8577.2735	2.67493E-09
8577.6464	2.67547E-09
8578.0194	2.6752E-09
8578.3923	2.67467E-09
8578.7653	2.67387E-09
8579.1383	2.67307E-09
8579.5113	2.67413E-09
8579.8843	2.6744E-09
8580.2574	2.67413E-09
8580.6304	2.67387E-09
8581.0035	2.67387E-09
8581.3766	2.6728E-09
8581.7497	2.64832E-09
8582.1228	2.54405E-09
8582.4959	2.57368E-09
8582.8691	2.66035E-09
8583.2423	2.67093E-09
8583.6154	2.672E-09
8583.9886	2.67173E-09
8584.3619	2.66987E-09
8584.7351	2.66427E-09
8585.1083	2.6672E-09
8585.4816	2.67067E-09
8585.8549	2.67147E-09
8586.2282	2.67093E-09
8586.6015	2.67013E-09
8586.9748	2.66987E-09
8587.3482	2.67013E-09
8587.7215	2.66933E-09
8588.0949	2.668E-09
8588.4683	2.66773E-09
8588.8417	2.66853E-09
8589.2151	2.66827E-09
8589.5886	2.66773E-09
8589.9621	2.668E-09
8590.3355	2.668E-09
8590.709	2.66693E-09
8591.0825	2.66592E-09
8591.4561	2.66461E-09
8591.8296	2.66509E-09
8592.2032	2.66496E-09
8592.5767	2.65789E-09
8592.9503	2.64661E-09
8593.3239	2.65685E-09
8593.6976	2.6616E-09
8594.0712	2.66088E-09
8594.4448	2.65973E-09
8594.8185	2.65808E-09
8595.1922	2.65608E-09
8595.5659	2.65045E-09
8595.9396	2.64125E-09
8596.3134	2.64288E-09
8596.6871	2.63949E-09
8597.0609	2.62885E-09
8597.4347	2.62032E-09
8597.8085	2.60133E-09
8598.1823	2.56928E-09
8598.5561	2.55392E-09
8598.93	2.57691E-09
8599.3038	2.6152E-09
8599.6777	2.6316E-09
8600.0516	2.63917E-09
8600.4255	2.64376E-09
8600.7995	2.64555E-09
8601.1734	2.64749E-09
8601.5474	2.65208E-09
8601.9214	2.65424E-09
8602.2954	2.65504E-09
8602.6694	2.65541E-09
8603.0434	2.65656E-09
8603.4174	2.65739E-09
8603.7915	2.65693E-09
8604.1656	2.65784E-09
8604.5397	2.65867E-09
8604.9138	2.65856E-09
8605.2879	2.65877E-09
8605.6621	2.65845E-09
8606.0362	2.6568E-09
8606.4104	2.65552E-09
8606.7846	2.65411E-09
8607.1588	2.652E-09
8607.533	2.65773E-09
8607.9073	2.65933E-09
8608.2815	2.65931E-09
8608.6558	2.65952E-09
8609.0301	2.65917E-09
8609.4044	2.65949E-09
8609.7787	2.65885E-09
8610.153	2.65787E-09
8610.5274	2.65867E-09
8610.9018	2.6584E-09
8611.2762	2.62677E-09
8611.6506	2.48043E-09
8612.025	2.51389E-09
8612.3994	2.64131E-09
8612.7739	2.65811E-09
8613.1483	2.65845E-09
8613.5228	2.65645E-09
8613.8973	2.65181E-09
8614.2718	2.65493E-09
8614.6464	2.65768E-09
8615.0209	2.65779E-09
8615.3955	2.65741E-09
8615.7701	2.64699E-09
8616.1447	2.60245E-09
8616.5193	2.61565E-09
8616.8939	2.65125E-09
8617.2686	2.65563E-09
8617.6432	2.65603E-09
8618.0179	2.65403E-09
8618.3926	2.65405E-09
8618.7673	2.65531E-09
8619.142	2.6552E-09
8619.5168	2.65515E-09
8619.8916	2.65539E-09
8620.2663	2.6552E-09
8620.6411	2.65496E-09
8621.0159	2.64109E-09
8621.3908	2.54587E-09
8621.7656	2.53029E-09
8622.1405	2.63339E-09
8622.5153	2.65315E-09
8622.8902	2.6528E-09
8623.2651	2.65331E-09
8623.6401	2.65376E-09
8624.015	2.65363E-09
8624.39	2.65336E-09
8624.7649	2.65323E-09
8625.1399	2.65307E-09
8625.5149	2.65285E-09
8625.89	2.65221E-09
8626.265	2.65056E-09
8626.64	2.65016E-09
8627.0151	2.65147E-09
8627.3902	2.65152E-09
8627.7653	2.65125E-09
8628.1404	2.65107E-09
8628.5156	2.65093E-09
8628.8907	2.64973E-09
8629.2659	2.64915E-09
8629.6411	2.64968E-09
8630.0163	2.64995E-09
8630.3915	2.65E-09
8630.7667	2.64979E-09
8631.142	2.64923E-09
8631.5172	2.6488E-09
8631.8925	2.64608E-09
8632.2678	2.63589E-09
8632.6431	2.63848E-09
8633.0185	2.64525E-09
8633.3938	2.64664E-09
8633.7692	2.64624E-09
8634.1446	2.64515E-09
8634.52	2.64619E-09
8634.8954	2.64656E-09
8635.2708	2.64699E-09
8635.6463	2.64707E-09
8636.0217	2.64648E-09
8636.3972	2.64557E-09
8636.7727	2.64459E-09
8637.1482	2.6444E-09
8637.5237	2.64568E-09
8637.8993	2.64555E-09
8638.2748	2.6452E-09
8638.6504	2.64525E-09
8639.026	2.64499E-09
8639.4016	2.64451E-09
8639.7773	2.64432E-09
8640.1529	2.64429E-09
8640.5286	2.64408E-09
8640.9042	2.64381E-09
8641.2799	2.64317E-09
8641.6556	2.64216E-09
8642.0314	2.64155E-09
8642.4071	2.64163E-09
8642.7829	2.64165E-09
8643.1586	2.64083E-09
8643.5344	2.64099E-09
8643.9102	2.64123E-09
8644.286	2.64099E-09
8644.6619	2.64096E-09
8645.0377	2.64072E-09
8645.4136	2.64035E-09
8645.7895	2.63976E-09
8646.1654	2.63856E-09
8646.5413	2.63829E-09
8646.9173	2.63856E-09
8647.2932	2.63811E-09
8647.6692	2.63675E-09
8648.0452	2.62219E-09
8648.4212	2.58883E-09
8648.7972	2.61261E-09
8649.1732	2.63328E-09
8649.5493	2.63464E-09
8649.9253	2.63464E-09
8650.3014	2.63467E-09
8650.6775	2.63397E-09
8651.0536	2.63312E-09
8651.4298	2.63272E-09
8651.8059	2.63147E-09
8652.1821	2.62781E-09
8652.5583	2.62499E-09
8652.9345	2.62819E-09
8653.3107	2.62819E-09
8653.6869	2.62691E-09
8654.0632	2.62483E-09
8654.4394	2.62243E-09
8654.8157	2.62155E-09
8655.192	2.62011E-09
8655.5683	2.61864E-09
8655.9446	2.61635E-09
8656.321	2.61307E-09
8656.6973	2.60888E-09
8657.0737	2.60477E-09
8657.4501	2.59944E-09
8657.8265	2.59331E-09
8658.203	2.58528E-09
8658.5794	2.57416E-09
8658.9559	2.55939E-09
8659.3323	2.53925E-09
8659.7088	2.50965E-09
8660.0853	2.46424E-09
8660.4619	2.39091E-09
8660.8384	2.26576E-09
8661.215	2.04787E-09
8661.5915	1.66941E-09
8661.9681	1.18256E-09
8662.3447	1.24469E-09
8662.7214	1.73019E-09
8663.098	2.06624E-09
8663.4747	2.25955E-09
8663.8513	2.36432E-09
8664.228	2.41763E-09
8664.6047	2.42413E-09
8664.9814	2.41739E-09
8665.3582	2.45509E-09
8665.7349	2.50504E-09
8666.1117	2.53608E-09
8666.4885	2.55525E-09
8666.8653	2.56768E-09
8667.2421	2.57387E-09
8667.619	2.58301E-09
8667.9958	2.59096E-09
8668.3727	2.59299E-09
8668.7496	2.59779E-09
8669.1265	2.60373E-09
8669.5034	2.60795E-09
8669.8803	2.60952E-09
8670.2573	2.60955E-09
8670.6342	2.60995E-09
8671.0112	2.61181E-09
8671.3882	2.61248E-09
8671.7652	2.60867E-09
8672.1423	2.61203E-09
8672.5193	2.61789E-09
8672.8964	2.61909E-09
8673.2735	2.61987E-09
8673.6506	2.61952E-09
8674.0277	2.61256E-09
8674.4048	2.51779E-09
8674.782	2.40587E-09
8675.1591	2.54917E-09
8675.5363	2.6104E-09
8675.9135	2.62024E-09
8676.2907	2.62264E-09
8676.668	2.62293E-09
8677.0452	2.62307E-09
8677.4225	2.62309E-09
8677.7997	2.6228E-09
8678.177	2.62293E-09
8678.5543	2.62187E-09
8678.9317	2.61944E-09
8679.309	2.61675E-09
8679.6864	2.60501E-09
8680.0638	2.59333E-09
8680.4412	2.60405E-09
8680.8186	2.61504E-09
8681.196	2.62112E-09
8681.5734	2.62248E-09
8681.9509	2.62208E-09
8682.3284	2.62163E-09
8682.7059	2.61904E-09
8683.0834	2.6172E-09
8683.4609	2.62075E-09
8683.8384	2.62195E-09
8684.216	2.62219E-09
8684.5936	2.62227E-09
8684.9712	2.62219E-09
8685.3488	2.62208E-09
8685.7264	2.62144E-09
8686.104	2.61731E-09
8686.4817	2.6148E-09
8686.8594	2.61851E-09
8687.2371	2.61957E-09
8687.6148	2.61715E-09
8687.9925	2.57499E-09
8688.3702	2.2696E-09
8688.748	2.13475E-09
8689.1257	2.50432E-09
8689.5035	2.60552E-09
8689.8813	2.60027E-09
8690.2592	2.61117E-09
8690.637	2.6192E-09
8691.0149	2.61984E-09
8691.3927	2.61973E-09
8691.7706	2.61928E-09
8692.1485	2.61733E-09
8692.5264	2.61717E-09
8692.9044	2.61853E-09
8693.2823	2.61856E-09
8693.6603	2.61685E-09
8694.0383	2.61445E-09
8694.4163	2.60931E-09
8694.7943	2.60875E-09
8695.1723	2.61603E-09
8695.5504	2.61773E-09
8695.9284	2.61787E-09
8696.3065	2.61741E-09
8696.6846	2.61725E-09
8697.0627	2.61688E-09
8697.4409	2.61696E-09
8697.819	2.61709E-09
8698.1972	2.61555E-09
8698.5754	2.60987E-09
8698.9536	2.59899E-09
8699.3318	2.55904E-09
8699.71	2.5784E-09
8700.0883	2.61232E-09
8700.4665	2.61544E-09
8700.8448	2.61344E-09
8701.2231	2.61352E-09
8701.6014	2.61483E-09
8701.9798	2.6148E-09
8702.3581	2.61365E-09
8702.7365	2.61272E-09
8703.1149	2.60949E-09
8703.4932	2.60797E-09
8703.8717	2.61045E-09
8704.2501	2.61347E-09
8704.6285	2.61371E-09
8705.007	2.61355E-09
8705.3855	2.61344E-09
8705.764	2.61339E-09
8706.1425	2.61325E-09
8706.521	2.61269E-09
8706.8996	2.61197E-09
8707.2781	2.61224E-09
8707.6567	2.61176E-09
8708.0353	2.61109E-09
8708.4139	2.61176E-09
8708.7925	2.61176E-09
8709.1712	2.61077E-09
8709.5498	2.60989E-09
8709.9285	2.59845E-09
8710.3072	2.57027E-09
8710.6859	2.58891E-09
8711.0646	2.60904E-09
8711.4434	2.61064E-09
8711.8221	2.61013E-09
8712.2009	2.60683E-09
8712.5797	2.59475E-09
8712.9585	2.58011E-09
8713.3373	2.58067E-09
8713.7162	2.60352E-09
8714.095	2.60869E-09
8714.4739	2.60909E-09
8714.8528	2.60901E-09
8715.2317	2.60877E-09
8715.6106	2.60845E-09
8715.9896	2.60835E-09
8716.3685	2.60797E-09
8716.7475	2.60771E-09
8717.1265	2.60669E-09
8717.5055	2.59352E-09
8717.8845	2.58059E-09
8718.2635	2.59925E-09
8718.6426	2.60589E-09
8719.0217	2.60635E-09
8719.4008	2.60659E-09
8719.7799	2.60643E-09
8720.159	2.60629E-09
8720.5381	2.60573E-09
8720.9173	2.60539E-09
8721.2964	2.6056E-09
8721.6756	2.60563E-09
8722.0548	2.60544E-09
8722.4341	2.60507E-09
8722.8133	2.60464E-09
8723.1925	2.60469E-09
8723.5718	2.60419E-09
8723.9511	2.60307E-09
8724.3304	2.60304E-09
8724.7097	2.60339E-09
8725.0891	2.60317E-09
8725.4684	2.60344E-09
8725.8478	2.60304E-09
8726.2272	2.60291E-09
8726.6066	2.60171E-09
8726.986	2.59648E-09
8727.3654	2.59613E-09
8727.7449	2.58552E-09
8728.1243	2.57768E-09
8728.5038	2.59395E-09
8728.8833	2.59477E-09
8729.2628	2.59331E-09
8729.6424	2.59939E-09
8730.0219	2.60061E-09
8730.4015	2.60013E-09
8730.7811	2.59965E-09
8731.1607	2.59987E-09
8731.5403	2.60029E-09
8731.9199	2.60016E-09
8732.2996	2.59992E-09
8732.6792	2.59973E-09
8733.0589	2.59933E-09
8733.4386	2.59925E-09
8733.8183	2.59915E-09
8734.198	2.59851E-09
8734.5778	2.59664E-09
8734.9576	2.59685E-09
8735.3373	2.59384E-09
8735.7171	2.55251E-09
8736.097	2.51995E-09
8736.4768	2.57648E-09
8736.8566	2.59563E-09
8737.2365	2.59491E-09
8737.6164	2.59568E-09
8737.9963	2.59624E-09
8738.3762	2.59592E-09
8738.7561	2.59539E-09
8739.1361	2.59536E-09
8739.516	2.59515E-09
8739.896	2.5948E-09
8740.276	2.59387E-09
8740.656	2.58931E-09
8741.036	2.58715E-09
8741.4161	2.59155E-09
8741.7961	2.5892E-09
8742.1762	2.56187E-09
8742.5563	2.54656E-09
8742.9364	2.58101E-09
8743.3166	2.58971E-09
8743.6967	2.58907E-09
8744.0769	2.58851E-09
8744.457	2.58779E-09
8744.8372	2.58661E-09
8745.2174	2.58485E-09
8745.5977	2.58301E-09
8745.9779	2.58216E-09
8746.3582	2.58067E-09
8746.7384	2.57784E-09
8747.1187	2.57096E-09
8747.499	2.56381E-09
8747.8794	2.56515E-09
8748.2597	2.56192E-09
8748.6401	2.55443E-09
8749.0205	2.54328E-09
8749.4008	2.52579E-09
8749.7813	2.49275E-09
8750.1617	2.43421E-09
8750.5421	2.40496E-09
8750.9226	2.45368E-09
8751.3031	2.50144E-09
8751.6835	2.50269E-09
8752.0641	2.49125E-09
8752.4446	2.53933E-09
8752.8251	2.56107E-09
8753.2057	2.56619E-09
8753.5863	2.56973E-09
8753.9668	2.57307E-09
8754.3474	2.57552E-09
8754.7281	2.57728E-09
8755.1087	2.57864E-09
8755.4894	2.57936E-09
8755.87	2.58008E-09
8756.2507	2.58093E-09
8756.6314	2.56053E-09
8757.0122	2.44539E-09
8757.3929	2.45475E-09
8757.7737	2.56595E-09
8758.1544	2.58339E-09
8758.5352	2.58395E-09
8758.916	2.58413E-09
8759.2968	2.58413E-09
8759.6777	2.58387E-09
8760.0585	2.58416E-09
8760.4394	2.58443E-09
8760.8203	2.58445E-09
8761.2012	2.58435E-09
8761.5821	2.58397E-09
8761.9631	2.58387E-09
8762.344	2.58411E-09
8762.725	2.58416E-09
8763.106	2.58395E-09
8763.487	2.58291E-09
8763.868	2.57917E-09
8764.249	2.58067E-09
8764.6301	2.58269E-09
8765.0112	2.58267E-09
8765.3923	2.58328E-09
8765.7734	2.58291E-09
8766.1545	2.58E-09
8766.5356	2.57627E-09
8766.9168	2.57888E-09
8767.2979	2.58141E-09
8767.6791	2.58168E-09
8768.0603	2.58219E-09
8768.4416	2.5816E-09
8768.8228	2.58067E-09
8769.204	2.58141E-09
8769.5853	2.58171E-09
8769.9666	2.58144E-09
8770.3479	2.57909E-09
8770.7292	2.57693E-09
8771.1106	2.57995E-09
8771.4919	2.58083E-09
8771.8733	2.58045E-09
8772.2547	2.57784E-09
8772.6361	2.55928E-09
8773.0175	2.55421E-09
8773.3989	2.56624E-09
8773.7804	2.53979E-09
8774.1618	2.55227E-09
8774.5433	2.57664E-09
8774.9248	2.57931E-09
8775.3064	2.57883E-09
8775.6879	2.57853E-09
8776.0694	2.57864E-09
8776.451	2.57869E-09
8776.8326	2.57859E-09
8777.2142	2.5784E-09
8777.5958	2.57811E-09
8777.9774	2.57755E-09
8778.3591	2.57707E-09
8778.7408	2.57584E-09
8779.1224	2.57472E-09
8779.5041	2.57635E-09
8779.8859	2.57669E-09
8780.2676	2.57629E-09
8785	2.55475E-09
8790	2.53589E-09
8795	2.52067E-09
8800	2.54177E-09
8805	2.49912E-09
8810	2.5191E-09
8815	2.59279E-09
8820	2.60321E-09
8825	2.58247E-09
8830	2.60532E-09
8835	2.58758E-09
8840	2.59129E-09
8845	2.61731E-09
8850	2.60718E-09
8855	2.57876E-09
8860	2.54493E-09
8865	2.51061E-09
8870	2.50572E-09
8875	2.51544E-09
8880	2.50093E-09
8885	2.52264E-09
8890	2.52701E-09
8895	2.5397E-09
8900	2.55221E-09
8905	2.57025E-09
8910	2.56728E-09
8915	2.58531E-09
8920	2.56941E-09
8925	2.55127E-09
8930	2.54832E-09
8935	2.5525E-09
8940	2.5337E-09
8945	2.49763E-09
8950	2.51491E-09
8955	2.53799E-09
8960	2.5397E-09
8965	2.51497E-09
8970	2.51415E-09
8975	2.51085E-09
8980	2.50365E-09
8985	2.47631E-09
8990	2.45889E-09
8995	2.50306E-09
9000	2.48586E-09
9005	2.48572E-09
9010	2.46414E-09
9015	2.45568E-09
9020	2.48532E-09
9025	2.50189E-09
9030	2.55026E-09
9035	2.57628E-09
9040	2.58603E-09
9045	2.57347E-09
9050	2.55035E-09
9055	2.51623E-09
9060	2.49622E-09
9065	2.48064E-09
9070	2.44753E-09
9075	2.4405E-09
9080	2.42234E-09
9085	2.40597E-09
9090	2.39338E-09
9095	2.41008E-09
9100	2.40593E-09
9105	2.3994E-09
9110	2.39532E-09
9115	2.37731E-09
9120	2.36726E-09
9125	2.37448E-09
9130	2.35731E-09
9135	2.33287E-09
9140	2.31369E-09
9145	2.30148E-09
9150	2.29534E-09
9155	2.29037E-09
9160	2.31512E-09
9165	2.31537E-09
9170	2.28026E-09
9175	2.28119E-09
9180	2.31481E-09
9185	2.33639E-09
9190	2.33388E-09
9195	2.34291E-09
9200	2.33869E-09
9205	2.33951E-09
9210	2.31179E-09
9215	2.30979E-09
9220	2.34174E-09
9225	2.34733E-09
9230	2.333E-09
9235	2.31958E-09
9240	2.29453E-09
9245	2.26281E-09
9250	2.24245E-09
9255	2.23729E-09
9260	2.2608E-09
9265	2.29526E-09
9270	2.34418E-09
9275	2.3698E-09
9280	2.34935E-09
9285	2.359E-09
9290	2.33123E-09
9295	2.3007E-09
9300	2.27561E-09
9305	2.2348E-09
9310	2.20068E-09
9315	2.13652E-09
9320	2.118E-09
9325	2.09702E-09
9330	2.11834E-09
9335	2.08299E-09
9340	2.07313E-09
9345	2.09324E-09
9350	2.16538E-09
9355	2.11017E-09
9360	2.18723E-09
9365	2.20998E-09
9370	2.213E-09
9375	2.26465E-09
9380	2.30063E-09
9385	2.3802E-09
9390	2.44827E-09
9395	2.4763E-09
9400	2.43584E-09
9405	2.35359E-09
9410	2.24899E-09
9415	2.20585E-09
9420	2.14952E-09
9425	2.07198E-09
9430	2.03906E-09
9435	2.0805E-09
9440	2.00265E-09
9445	2.08876E-09
9450	2.13326E-09
9455	2.1322E-09
9460	2.13077E-09
9465	2.19898E-09
9470	2.21855E-09
9475	2.18963E-09
9480	2.14399E-09
9485	2.20533E-09
9490	2.18853E-09
9495	2.11811E-09
9500	2.11227E-09
9505	2.21601E-09
9510	2.2907E-09
9515	2.27204E-09
9520	2.27572E-09
9525	2.3199E-09
9530	2.36921E-09
9535	2.33364E-09
9540	2.29896E-09
9545	2.22621E-09
9550	2.21878E-09
9555	2.13639E-09
9560	2.2116E-09
9565	2.16541E-09
9570	2.19884E-09
9575	2.21773E-09
9580	2.18725E-09
9585	2.14446E-09
9590	2.14884E-09
9595	2.15994E-09
9600	2.18857E-09
9605	2.19617E-09
9610	2.21943E-09
9615	2.2661E-09
9620	2.22382E-09
9625	2.24802E-09
9630	2.24314E-09
9635	2.21237E-09
9640	2.22179E-09
9645	2.19841E-09
9650	2.21393E-09
9655	2.21292E-09
9660	2.21299E-09
9665	2.23259E-09
9670	2.24425E-09
9675	2.21784E-09
9680	2.19259E-09
9685	2.20375E-09
9690	2.19301E-09
9695	2.2022E-09
9700	2.17197E-09
9705	2.20665E-09
9710	2.2313E-09
9715	2.24054E-09
9720	2.24894E-09
9725	2.24955E-09
9730	2.20606E-09
9735	2.17343E-09
9740	2.15989E-09
9745	2.14137E-09
9750	2.09964E-09
9755	2.12146E-09
9760	2.13668E-09
9765	2.14212E-09
9770	2.15366E-09
9775	2.16231E-09
9780	2.18736E-09
9785	2.16584E-09
9790	2.18036E-09
9795	2.21494E-09
9800	2.24415E-09
9805	2.20894E-09
9810	2.23149E-09
9815	2.18518E-09
9820	2.15105E-09
9825	2.15614E-09
9830	2.14837E-09
9835	2.15169E-09
9840	2.17491E-09
9845	2.16373E-09
9850	2.1819E-09
9855	2.12391E-09
9860	2.1053E-09
9865	2.13075E-09
9870	2.12585E-09
9875	2.1163E-09
9880	2.14308E-09
9885	2.1628E-09
9890	2.17706E-09
9895	2.16456E-09
9900	2.21353E-09
9905	2.20988E-09
9910	2.25022E-09
9915	2.20029E-09
9920	2.21656E-09
9925	2.1959E-09
9930	2.19472E-09
9935	2.22137E-09
9940	2.1575E-09
9945	2.18159E-09
9950	2.15948E-09
9955	2.20315E-09
9960	2.15766E-09
9965	2.2132E-09
9970	2.21774E-09
9975	2.25168E-09
9980	2.20801E-09
9985	2.16375E-09
9990	2.12932E-09
9995	2.14196E-09
10000	2.23712E-09
10005	2.23103E-09
10010	2.21983E-09
10015	2.20748E-09
10020	2.19797E-09
10025	2.19408E-09
10030	2.19388E-09
10035	2.19419E-09
10040	2.19189E-09
10045	2.18496E-09
10050	2.17593E-09
10055	2.1685E-09
10060	2.16633E-09
10065	2.17165E-09
10070	2.18086E-09
10075	2.1889E-09
10080	2.19073E-09
10085	2.18276E-09
10090	2.16728E-09
10095	2.14807E-09
10100	2.12889E-09
10105	2.11284E-09
10110	2.10033E-09
10115	2.09108E-09
10120	2.08483E-09
10125	2.0812E-09
10130	2.07941E-09
10135	2.07853E-09
10140	2.07768E-09
10145	2.07616E-09
10150	2.07408E-09
10155	2.07179E-09
10160	2.06962E-09
10165	2.06759E-09
10170	2.06457E-09
10175	2.05913E-09
10180	2.04982E-09
10185	2.03611E-09
10190	2.02108E-09
10195	2.00871E-09
10200	2.00298E-09
10205	2.00641E-09
10210	2.01564E-09
10215	2.02585E-09
10220	2.03223E-09
10225	2.03124E-09
10230	2.02446E-09
10235	2.01476E-09
10240	2.00503E-09
10245	1.99749E-09
10250	1.99193E-09
10255	1.9875E-09
10260	1.98334E-09
10265	1.97885E-09
10270	1.97439E-09
10275	1.97058E-09
10280	1.96802E-09
10285	1.96714E-09
10290	1.96768E-09
10295	1.96919E-09
10300	1.97122E-09
10305	1.98565E-09
10310	1.9851E-09
10315	1.98317E-09
10320	1.97913E-09
10325	1.97279E-09
10330	1.96603E-09
10335	1.96123E-09
10340	1.96078E-09
10345	1.96614E-09
10350	1.97495E-09
10355	1.98393E-09
10360	1.98981E-09
10365	1.99018E-09
10370	1.98621E-09
10375	1.97998E-09
10380	1.97354E-09
10385	1.96865E-09
10390	1.96579E-09
10395	1.96513E-09
10400	1.96683E-09
10405	1.97081E-09
10410	1.9759E-09
10415	1.98071E-09
10420	1.9838E-09
10425	1.98399E-09
10430	1.98104E-09
10435	1.97494E-09
10440	1.96568E-09
10445	1.95372E-09
10450	1.94143E-09
10455	1.93168E-09
10460	1.92729E-09
10465	1.93008E-09
10470	1.93766E-09
10475	1.94657E-09
10480	1.95338E-09
10485	1.95555E-09
10490	1.95424E-09
10495	1.95152E-09
10500	1.94946E-09
10505	1.94955E-09
10510	1.95095E-09
10515	1.95226E-09
10520	1.95206E-09
10525	1.94935E-09
10530	1.94469E-09
10535	1.93907E-09
10540	1.93346E-09
10545	1.92868E-09
10550	1.92495E-09
10555	1.92231E-09
10560	1.92081E-09
10565	1.92036E-09
10570	1.92021E-09
10575	1.91945E-09
10580	1.91718E-09
10585	1.91286E-09
10590	1.90748E-09
10595	1.90238E-09
10600	1.8989E-09
10605	1.89804E-09
10610	1.8994E-09
10615	1.90226E-09
10620	1.90586E-09
10625	1.8954E-09
10630	1.89386E-09
10635	1.89232E-09
10640	1.89078E-09
10645	1.88925E-09
10650	1.88772E-09
10655	1.88619E-09
10660	1.88466E-09
10665	1.88314E-09
10670	1.88161E-09
10675	1.88009E-09
10680	1.87857E-09
10685	1.87705E-09
10690	1.87554E-09
10695	1.87402E-09
10700	1.87251E-09
10705	1.871E-09
10710	1.86949E-09
10715	1.86799E-09
10720	1.86648E-09
10725	1.86498E-09
10730	1.86348E-09
10735	1.86198E-09
10740	1.86048E-09
10745	1.85899E-09
10750	1.8575E-09
10755	1.85601E-09
10760	1.85452E-09
10765	1.85303E-09
10770	1.85155E-09
10775	1.85006E-09
10780	1.84858E-09
10785	1.8471E-09
10790	1.84562E-09
10795	1.84415E-09
10800	1.84268E-09
10805	1.8412E-09
10810	1.83973E-09
10815	1.83826E-09
10820	1.8368E-09
10825	1.83533E-09
10830	1.83387E-09
10835	1.83241E-09
10840	1.83095E-09
10845	1.82949E-09
10850	1.82804E-09
10855	1.82659E-09
10860	1.82513E-09
10865	1.82368E-09
10870	1.82224E-09
10875	1.82079E-09
10880	1.81935E-09
10885	1.8179E-09
10890	1.81646E-09
10895	1.81503E-09
10900	1.81359E-09
10905	1.81215E-09
10910	1.81072E-09
10915	1.80929E-09
10920	1.80786E-09
10925	1.80643E-09
10930	1.80501E-09
10935	1.80358E-09
10940	1.80216E-09
10945	1.80074E-09
10950	1.79932E-09
10955	1.7979E-09
10960	1.79649E-09
10965	1.79507E-09
10970	1.79366E-09
10975	1.79225E-09
10980	1.79085E-09
10985	1.78944E-09
10990	1.78804E-09
10995	1.78663E-09
11000	1.78523E-09
11005	1.78383E-09
11010	1.78244E-09
11015	1.78104E-09
11020	1.77965E-09
11025	1.77825E-09
11030	1.77686E-09
11035	1.77548E-09
11040	1.77409E-09
11045	1.7727E-09
11050	1.77132E-09
11055	1.76994E-09
11060	1.76856E-09
11065	1.76718E-09
11070	1.76581E-09
11075	1.76443E-09
11080	1.76306E-09
11085	1.76169E-09
11090	1.76032E-09
11095	1.75895E-09
11100	1.75758E-09
11105	1.75622E-09
11110	1.75485E-09
11115	1.75349E-09
11120	1.75214E-09
11125	1.75078E-09
11130	1.74942E-09
11135	1.74807E-09
11140	1.74672E-09
11145	1.74537E-09
11150	1.74402E-09
11155	1.74267E-09
11160	1.74132E-09
11165	1.73998E-09
11170	1.73864E-09
11175	1.7373E-09
11180	1.73596E-09
11185	1.73462E-09
11190	1.73329E-09
11195	1.73195E-09
11200	1.73062E-09
11205	1.72929E-09
11210	1.72796E-09
11215	1.72663E-09
11220	1.72531E-09
11225	1.72398E-09
11230	1.72266E-09
11235	1.72134E-09
11240	1.72002E-09
11245	1.7187E-09
11250	1.71739E-09
11255	1.71607E-09
11260	1.71476E-09
11265	1.71345E-09
11270	1.71214E-09
11275	1.71083E-09
11280	1.70953E-09
11285	1.70822E-09
11290	1.70692E-09
11295	1.70562E-09
11300	1.70432E-09
11305	1.70302E-09
11310	1.70172E-09
11315	1.70043E-09
11320	1.69913E-09
11325	1.69784E-09
11330	1.69655E-09
11335	1.69526E-09
11340	1.69398E-09
11345	1.69269E-09
11350	1.69141E-09
11355	1.69013E-09
11360	1.68885E-09
11365	1.68757E-09
11370	1.68629E-09
11375	1.68501E-09
11380	1.68374E-09
11385	1.68247E-09
11390	1.68119E-09
11395	1.67992E-09
11400	1.67866E-09
11405	1.67739E-09
11410	1.67613E-09
11415	1.67486E-09
11420	1.6736E-09
11425	1.67234E-09
11430	1.67108E-09
11435	1.66982E-09
11440	1.66857E-09
11445	1.66731E-09
11450	1.66606E-09
11455	1.66481E-09
11460	1.66356E-09
11465	1.66231E-09
11470	1.66106E-09
11475	1.65982E-09
11480	1.65858E-09
11485	1.65733E-09
11490	1.65609E-09
11495	1.65485E-09
11500	1.65361E-09
11505	1.65238E-09
11510	1.65115E-09
11515	1.64991E-09
11520	1.64868E-09
11525	1.64745E-09
11530	1.64622E-09
11535	1.64499E-09
11540	1.64377E-09
11545	1.64254E-09
11550	1.64132E-09
11555	1.6401E-09
11560	1.63888E-09
11565	1.63766E-09
11570	1.63644E-09
11575	1.63523E-09
11580	1.63401E-09
11585	1.6328E-09
11590	1.63159E-09
11595	1.63038E-09
11600	1.62917E-09
11605	1.62796E-09
11610	1.62676E-09
11615	1.62555E-09
11620	1.62435E-09
11625	1.62315E-09
11630	1.62195E-09
11635	1.62075E-09
11640	1.61955E-09
11645	1.61836E-09
11650	1.61717E-09
11655	1.61597E-09
11660	1.61478E-09
11665	1.61359E-09
11670	1.6124E-09
11675	1.61122E-09
11680	1.61003E-09
11685	1.60885E-09
11690	1.60766E-09
11695	1.60648E-09
11700	1.6053E-09
11705	1.60412E-09
11710	1.60294E-09
11715	1.60177E-09
11720	1.60059E-09
11725	1.59942E-09
11730	1.59825E-09
11735	1.59708E-09
11740	1.59591E-09
11745	1.59474E-09
11750	1.59357E-09
11755	1.59241E-09
11760	1.59124E-09
11765	1.59008E-09
11770	1.58892E-09
11775	1.58776E-09
11780	1.5866E-09
11785	1.58545E-09
11790	1.58429E-09
11795	1.58313E-09
11800	1.58198E-09
11805	1.58083E-09
11810	1.57968E-09
11815	1.57853E-09
11820	1.57738E-09
11825	1.57624E-09
11830	1.57509E-09
11835	1.57395E-09
11840	1.5728E-09
11845	1.57166E-09
11850	1.57052E-09
11855	1.56938E-09
11860	1.56825E-09
11865	1.56711E-09
11870	1.56597E-09
11875	1.56484E-09
11880	1.56371E-09
11885	1.56258E-09
11890	1.56145E-09
11895	1.56032E-09
11900	1.55919E-09
11905	1.55806E-09
11910	1.55694E-09
11915	1.55582E-09
11920	1.5547E-09
11925	1.55357E-09
11930	1.55246E-09
11935	1.55134E-09
11940	1.55022E-09
11945	1.54911E-09
11950	1.54799E-09
11955	1.54688E-09
11960	1.54577E-09
11965	1.54465E-09
11970	1.54354E-09
11975	1.54243E-09
11980	1.54133E-09
11985	1.54022E-09
11990	1.53912E-09
11995	1.53801E-09
12000	1.53691E-09
12005	1.53581E-09
12010	1.53471E-09
12015	1.53361E-09
12020	1.53251E-09
12025	1.53142E-09
12030	1.53032E-09
12035	1.52923E-09
12040	1.52814E-09
12045	1.52705E-09
12050	1.52595E-09
12055	1.52486E-09
12060	1.52378E-09
12065	1.52269E-09
12070	1.52161E-09
12075	1.52052E-09
12080	1.51944E-09
12085	1.51836E-09
12090	1.51727E-09
12095	1.5162E-09
12100	1.51512E-09
12105	1.51404E-09
12110	1.51296E-09
12115	1.51189E-09
12120	1.51081E-09
12125	1.50974E-09
12130	1.50867E-09
12135	1.5076E-09
12140	1.50653E-09
12145	1.50546E-09
12150	1.5044E-09
12155	1.50333E-09
12160	1.50226E-09
12165	1.5012E-09
12170	1.50014E-09
12175	1.49908E-09
12180	1.49802E-09
12185	1.49696E-09
12190	1.4959E-09
12195	1.49484E-09
12200	1.49378E-09
12205	1.49273E-09
12210	1.49168E-09
12215	1.49063E-09
12220	1.48957E-09
12225	1.48853E-09
12230	1.48747E-09
12235	1.48643E-09
12240	1.48538E-09
12245	1.48433E-09
12250	1.48329E-09
12255	1.48225E-09
12260	1.4812E-09
12265	1.48016E-09
12270	1.47912E-09
12275	1.47808E-09
12280	1.47704E-09
12285	1.47601E-09
12290	1.47497E-09
12295	1.47393E-09
12300	1.4729E-09
12305	1.47186E-09
12310	1.47083E-09
12315	1.4698E-09
12320	1.46877E-09
12325	1.46774E-09
12330	1.46672E-09
12335	1.46569E-09
12340	1.46467E-09
12345	1.46364E-09
12350	1.46262E-09
12355	1.46159E-09
12360	1.46057E-09
12365	1.45955E-09
12370	1.45853E-09
12375	1.45751E-09
12380	1.4565E-09
12385	1.45548E-09
12390	1.45447E-09
12395	1.45345E-09
12400	1.45244E-09
12405	1.45143E-09
12410	1.45042E-09
12415	1.44941E-09
12420	1.4484E-09
12425	1.44739E-09
12430	1.44638E-09
12435	1.44538E-09
12440	1.44438E-09
12445	1.44337E-09
12450	1.44237E-09
12455	1.44137E-09
12460	1.44037E-09
12465	1.43937E-09
12470	1.43837E-09
12475	1.43737E-09
12480	1.43638E-09
12485	1.43538E-09
12490	1.43439E-09
12495	1.4334E-09
12500	1.4324E-09
12505	1.43141E-09
12510	1.43042E-09
12515	1.42943E-09
12520	1.42844E-09
12525	1.42746E-09
12530	1.42647E-09
12535	1.42549E-09
12540	1.4245E-09
12545	1.42352E-09
12550	1.42254E-09
12555	1.42156E-09
12560	1.42058E-09
12565	1.4196E-09
12570	1.41862E-09
12575	1.41765E-09
12580	1.41667E-09
12585	1.41569E-09
12590	1.41472E-09
12595	1.41375E-09
12600	1.41277E-09
12605	1.41181E-09
12610	1.41084E-09
12615	1.40987E-09
12620	1.4089E-09
12625	1.40793E-09
12630	1.40697E-09
12635	1.406E-09
12640	1.40504E-09
12645	1.40407E-09
12650	1.40311E-09
12655	1.40215E-09
12660	1.40119E-09
12665	1.40023E-09
12670	1.39927E-09
12675	1.39832E-09
12680	1.39736E-09
12685	1.39641E-09
12690	1.39545E-09
12695	1.3945E-09
12700	1.39355E-09
12705	1.3926E-09
12710	1.39165E-09
12715	1.3907E-09
12720	1.38975E-09
12725	1.3888E-09
12730	1.38786E-09
12735	1.38691E-09
12740	1.38597E-09
12745	1.38502E-09
12750	1.38408E-09
12755	1.38314E-09
12760	1.3822E-09
12765	1.38126E-09
12770	1.38032E-09
12775	1.37939E-09
12780	1.37845E-09
12785	1.37751E-09
12790	1.37658E-09
12795	1.37565E-09
12800	1.37471E-09
12805	1.37378E-09
12810	1.37285E-09
12815	1.37192E-09
12820	1.37099E-09
12825	1.37006E-09
12830	1.36913E-09
12835	1.36821E-09
12840	1.36728E-09
12845	1.36636E-09
12850	1.36544E-09
12855	1.36451E-09
12860	1.36359E-09
12865	1.36267E-09
12870	1.36175E-09
12875	1.36084E-09
12880	1.35992E-09
12885	1.359E-09
12890	1.35808E-09
12895	1.35717E-09
12900	1.35626E-09
12905	1.35534E-09
12910	1.35443E-09
12915	1.35352E-09
12920	1.35261E-09
12925	1.3517E-09
12930	1.35079E-09
12935	1.34988E-09
12940	1.34898E-09
12945	1.34807E-09
12950	1.34717E-09
12955	1.34627E-09
12960	1.34536E-09
12965	1.34446E-09
12970	1.34356E-09
12975	1.34266E-09
12980	1.34176E-09
12985	1.34086E-09
12990	1.33996E-09
12995	1.33907E-09
13000	1.33817E-09
13005	1.33728E-09
13010	1.33638E-09
13015	1.33549E-09
13020	1.3346E-09
13025	1.33371E-09
13030	1.33282E-09
13035	1.33193E-09
13040	1.33104E-09
13045	1.33015E-09
13050	1.32926E-09
13055	1.32838E-09
13060	1.32749E-09
13065	1.32661E-09
13070	1.32573E-09
13075	1.32484E-09
13080	1.32396E-09
13085	1.32308E-09
13090	1.3222E-09
13095	1.32132E-09
13100	1.32045E-09
13105	1.31957E-09
13110	1.31869E-09
13115	1.31782E-09
13120	1.31694E-09
13125	1.31607E-09
13130	1.3152E-09
13135	1.31432E-09
13140	1.31345E-09
13145	1.31258E-09
13150	1.31172E-09
13155	1.31085E-09
13160	1.30998E-09
13165	1.30911E-09
13170	1.30825E-09
13175	1.30738E-09
13180	1.30652E-09
13185	1.30566E-09
13190	1.30479E-09
13195	1.30393E-09
13200	1.30307E-09
13205	1.30221E-09
13210	1.30135E-09
13215	1.30049E-09
13220	1.29964E-09
13225	1.29878E-09
13230	1.29792E-09
13235	1.29707E-09
13240	1.29622E-09
13245	1.29537E-09
13250	1.29451E-09
13255	1.29366E-09
13260	1.29281E-09
13265	1.29196E-09
13270	1.29111E-09
13275	1.29027E-09
13280	1.28942E-09
13285	1.28857E-09
13290	1.28772E-09
13295	1.28688E-09
13300	1.28604E-09
13305	1.28519E-09
13310	1.28435E-09
13315	1.28351E-09
13320	1.28267E-09
13325	1.28183E-09
13330	1.28099E-09
13335	1.28015E-09
13340	1.27932E-09
13345	1.27848E-09
13350	1.27764E-09
13355	1.27681E-09
13360	1.27597E-09
13365	1.27514E-09
13370	1.27431E-09
13375	1.27348E-09
13380	1.27265E-09
13385	1.27182E-09
13390	1.27099E-09
13395	1.27016E-09
13400	1.26933E-09
13405	1.26851E-09
13410	1.26768E-09
13415	1.26686E-09
13420	1.26603E-09
13425	1.26521E-09
13430	1.26438E-09
13435	1.26356E-09
13440	1.26274E-09
13445	1.26192E-09
13450	1.2611E-09
13455	1.26028E-09
13460	1.25946E-09
13465	1.25865E-09
13470	1.25783E-09
13475	1.25701E-09
13480	1.2562E-09
13485	1.25539E-09
13490	1.25458E-09
13495	1.25376E-09
13500	1.25295E-09
13505	1.25214E-09
13510	1.25133E-09
13515	1.25052E-09
13520	1.24971E-09
13525	1.2489E-09
13530	1.2481E-09
13535	1.24729E-09
13540	1.24648E-09
13545	1.24568E-09
13550	1.24488E-09
13555	1.24407E-09
13560	1.24327E-09
13565	1.24247E-09
13570	1.24167E-09
13575	1.24087E-09
13580	1.24007E-09
13585	1.23927E-09
13590	1.23847E-09
13595	1.23767E-09
13600	1.23688E-09
13605	1.23608E-09
13610	1.23529E-09
13615	1.23449E-09
13620	1.2337E-09
13625	1.23291E-09
13630	1.23212E-09
13635	1.23133E-09
13640	1.23053E-09
13645	1.22974E-09
13650	1.22895E-09
13655	1.22817E-09
13660	1.22738E-09
13665	1.22659E-09
13670	1.22581E-09
13675	1.22502E-09
13680	1.22424E-09
13685	1.22345E-09
13690	1.22267E-09
13695	1.22189E-09
13700	1.22111E-09
13705	1.22033E-09
13710	1.21955E-09
13715	1.21877E-09
13720	1.21798E-09
13725	1.21721E-09
13730	1.21643E-09
13735	1.21565E-09
13740	1.21488E-09
13745	1.2141E-09
13750	1.21333E-09
13755	1.21255E-09
13760	1.21178E-09
13765	1.21101E-09
13770	1.21024E-09
13775	1.20947E-09
13780	1.2087E-09
13785	1.20793E-09
13790	1.20716E-09
13795	1.20639E-09
13800	1.20562E-09
13805	1.20486E-09
13810	1.20409E-09
13815	1.20333E-09
13820	1.20256E-09
13825	1.2018E-09
13830	1.20104E-09
13835	1.20027E-09
13840	1.19951E-09
13845	1.19875E-09
13850	1.19799E-09
13855	1.19723E-09
13860	1.19647E-09
13865	1.19571E-09
13870	1.19496E-09
13875	1.1942E-09
13880	1.19344E-09
13885	1.19269E-09
13890	1.19193E-09
13895	1.19118E-09
13900	1.19043E-09
13905	1.18967E-09
13910	1.18892E-09
13915	1.18817E-09
13920	1.18742E-09
13925	1.18667E-09
13930	1.18592E-09
13935	1.18517E-09
13940	1.18442E-09
13945	1.18367E-09
13950	1.18293E-09
13955	1.18218E-09
13960	1.18143E-09
13965	1.18069E-09
13970	1.17995E-09
13975	1.1792E-09
13980	1.17846E-09
13985	1.17772E-09
13990	1.17698E-09
13995	1.17624E-09
14000	1.1755E-09
14005	1.17476E-09
14010	1.17401E-09
14015	1.17328E-09
14020	1.17254E-09
14025	1.1718E-09
14030	1.17107E-09
14035	1.17033E-09
14040	1.1696E-09
14045	1.16886E-09
14050	1.16813E-09
14055	1.16739E-09
14060	1.16666E-09
14065	1.16593E-09
14070	1.1652E-09
14075	1.16447E-09
14080	1.16374E-09
14085	1.16301E-09
14090	1.16228E-09
14095	1.16155E-09
14100	1.16083E-09
14105	1.1601E-09
14110	1.15937E-09
14115	1.15865E-09
14120	1.15792E-09
14125	1.1572E-09
14130	1.15647E-09
14135	1.15575E-09
14140	1.15503E-09
14145	1.15431E-09
14150	1.15358E-09
14155	1.15287E-09
14160	1.15214E-09
14165	1.15143E-09
14170	1.15071E-09
14175	1.14999E-09
14180	1.14927E-09
14185	1.14855E-09
14190	1.14784E-09
14195	1.14712E-09
14200	1.14641E-09
14205	1.14569E-09
14210	1.14498E-09
14215	1.14427E-09
14220	1.14355E-09
14225	1.14284E-09
14230	1.14213E-09
14235	1.14142E-09
14240	1.14071E-09
14245	1.14E-09
14250	1.13929E-09
14255	1.13858E-09
14260	1.13787E-09
14265	1.13717E-09
14270	1.13646E-09
14275	1.13575E-09
14280	1.13505E-09
14285	1.13434E-09
14290	1.13364E-09
14295	1.13293E-09
14300	1.13223E-09
14305	1.12855E-09
14310	1.12227E-09
14315	1.11483E-09
14320	1.11068E-09
14325	1.11453E-09
14330	1.12278E-09
14335	1.13126E-09
14340	1.13732E-09
14345	1.13936E-09
14350	1.13664E-09
14355	1.12982E-09
14360	1.12121E-09
14365	1.11429E-09
14370	1.11177E-09
14375	1.11347E-09
14380	1.11693E-09
14385	1.1197E-09
14390	1.12032E-09
14395	1.11856E-09
14400	1.11551E-09
14405	1.11328E-09
14410	1.11382E-09
14415	1.11734E-09
14420	1.12228E-09
14425	1.12633E-09
14430	1.12803E-09
14435	1.12503E-09
14440	1.11823E-09
14445	1.10862E-09
14450	1.09951E-09
14455	1.09498E-09
14460	1.09737E-09
14465	1.10548E-09
14470	1.11603E-09
14475	1.12562E-09
14480	1.13148E-09
14485	1.13181E-09
14490	1.12582E-09
14495	1.11387E-09
14500	1.0923E-09
14505	1.06635E-09
14510	1.05673E-09
14515	1.06481E-09
14520	1.08254E-09
14525	1.10093E-09
14530	1.11341E-09
14535	1.11636E-09
14540	1.10935E-09
14545	1.09511E-09
14550	1.07904E-09
14555	1.06942E-09
14560	1.07051E-09
14565	1.08105E-09
14570	1.09515E-09
14575	1.10621E-09
14580	1.10995E-09
14585	1.10486E-09
14590	1.09212E-09
14595	1.07597E-09
14600	1.06249E-09
14605	1.05719E-09
14610	1.06187E-09
14615	1.07359E-09
14620	1.08682E-09
14625	1.09644E-09
14630	1.09933E-09
14635	1.09497E-09
14640	1.08514E-09
14645	1.07304E-09
14650	1.0623E-09
14655	1.05554E-09
14660	1.05343E-09
14665	1.0554E-09
14670	1.05847E-09
14675	1.06102E-09
14680	1.06142E-09
14685	1.05929E-09
14690	1.05475E-09
14695	1.04845E-09
14700	1.04184E-09
14705	1.03683E-09
14710	1.03483E-09
14715	1.03629E-09
14720	1.04119E-09
14725	1.04931E-09
14730	1.05932E-09
14735	1.06868E-09
14740	1.07479E-09
14745	1.07605E-09
14750	1.07219E-09
14755	1.06441E-09
14760	1.05529E-09
14765	1.04818E-09
14770	1.04576E-09
14775	1.04794E-09
14780	1.05315E-09
14785	1.05691E-09
14790	1.05639E-09
14795	1.05049E-09
14800	1.04072E-09
14805	1.03049E-09
14810	1.02473E-09
14815	1.02686E-09
14820	1.03676E-09
14825	1.05096E-09
14830	1.0645E-09
14835	1.07316E-09
14840	1.07461E-09
14845	1.06534E-09
14850	1.04204E-09
14855	1.01513E-09
14860	9.95194E-10
14865	9.87186E-10
14870	9.91535E-10
14875	1.00437E-09
14880	1.02002E-09
14885	1.03324E-09
14890	1.04117E-09
14895	1.04511E-09
14900	1.0469E-09
14905	1.03521E-09
14910	1.03101E-09
14915	1.03533E-09
14920	1.04652E-09
14925	1.05498E-09
14930	1.06148E-09
14935	1.06448E-09
14940	1.06268E-09
14945	1.05654E-09
14950	1.04816E-09
14955	1.04027E-09
14960	1.03525E-09
14965	1.03434E-09
14970	1.03737E-09
14975	1.04322E-09
14980	1.05004E-09
14985	1.05567E-09
14990	1.05772E-09
14995	1.0557E-09
15000	1.04897E-09