#   xsum       ysum
#
7650.1889   0.7573 
7650.4075   0.7686 
7650.6260   0.7084 
7650.8446   0.8053 
7651.0632   0.8737 
7651.2819   0.8443 
7651.5003   0.7151 
7651.7192   0.6185 
7651.9375   0.7189 
7652.1564   0.8368 
7652.3749   0.8176 
7652.5936   0.7415 
7652.8123   0.7736 
7653.0309   0.7854 
7653.2497   0.8130 
7653.4681   0.7713 
7653.6870   0.6444 
7653.9055   0.7088 
7654.1243   0.7813 
7654.3429   0.6872 
7654.5616   0.6353 
7654.7804   0.6956 
7654.9990   0.7696 
7655.2178   0.8238 
7655.4364   0.7609 
7655.6553   0.6873 
7655.8740   0.6998 
7656.0926   0.7412 
7656.3116   0.8321 
7656.5301   0.8310 
7656.7490   0.7889 
7656.9678   0.7305 
7657.1865   0.6992 
7657.4054   0.6939 
7657.6241   0.6554 
7657.8428   0.7549 
7658.0618   0.7894 
7658.2803   0.6911 
7658.4994   0.6602 
7658.7181   0.7070 
7658.9369   0.7557 
7659.1558   0.7426 
7659.3746   0.7410 
7659.5934   0.6430 
7659.8124   0.6530 
7660.0310   0.7717 
7660.2500   0.8470 
7660.4690   0.8582 
7660.6875   0.7818 
7660.9067   0.6615 
7661.1256   0.6324 
7661.3443   0.7203 
7661.5634   0.7712 
7661.7823   0.7789 
7662.0010   0.7679 
7662.2201   0.7409 
7662.4390   0.7363 
7662.6578   0.7244 
7662.8769   0.7748 
7663.0959   0.7903 
7663.3146   0.7475 
7663.5337   0.6728 
7663.7528   0.6686 
7663.9715   0.6371 
7664.1905   0.5195 
7664.4097   0.5357 
7664.6285   0.5428 
7664.8475   0.3479 
7665.0665   0.4096 
7665.2856   0.6259 
7665.5044   0.7023 
7665.7236   0.5995 
7665.9428   0.4936 
7666.1615   0.5293 
7666.3806   0.6118 
7666.5998   0.6647 
7666.8188   0.6693 
7667.0376   0.6466 
7667.2568   0.6257 
7667.4760   0.5997 
7667.6950   0.6089 
7667.9140   0.6407 
7668.1332   0.6591 
7668.3524   0.6819 
7668.5712   0.6636 
7668.7904   0.6566 
7669.0096   0.6368 
7669.2289   0.6705 
7669.4477   0.6974 
7669.6668   0.6875 
7669.8861   0.6844 
7670.1054   0.6330 
7670.3243   0.6195 
7670.5434   0.6240 
7670.7627   0.7027 
7670.9820   0.7872 
7671.2011   0.7599 
7671.4201   0.6402 
7671.6394   0.4727 
7671.8586   0.4207 
7672.0779   0.4384 
7672.2968   0.4805 
7672.5161   0.5112 
7672.7354   0.5743 
7672.9547   0.6090 
7673.1741   0.5716 
7673.3929   0.5552 
7673.6122   0.5722 
7673.8316   0.5879 
7674.0510   0.5882 
7674.2703   0.6105 
7674.4892   0.5979 
7674.7086   0.5544 
7674.9279   0.5217 
7675.1472   0.5376 
7675.3666   0.5720 
7675.5860   0.6047 
7675.8049   0.6393 
7676.0243   0.6578 
7676.2438   0.6546 
7676.4631   0.6314 
7676.6825   0.5653 
7676.9019   0.5657 
7677.1209   0.5809 
7677.3403   0.6426 
7677.5598   0.6844 
7677.7791   0.6797 
7677.9987   0.7201 
7678.2180   0.6869 
7678.4373   0.6032 
7678.6565   0.6476 
7678.8759   0.6126 
7679.0955   0.5475 
7679.3148   0.5726 
7679.5344   0.5981 
7679.7538   0.5786 
7679.9734   0.5660 
7680.1923   0.5471 
7680.4119   0.5679 
7680.6313   0.6480 
7680.8508   0.6734 
7681.0703   0.6206 
7681.2898   0.6005 
7681.5095   0.6360 
7681.7288   0.5603 
7681.9485   0.5096 
7682.1676   0.6030 
7682.3870   0.6888 
7682.6067   0.6598 
7682.8259   0.6244 
7683.0457   0.6387 
7683.2653   0.7051 
7683.4846   0.6324 
7683.7043   0.5807 
7683.9241   0.5427 
7684.1434   0.5570 
7684.3630   0.6170 
7684.5828   0.6412 
7684.8022   0.6370 
7685.0212   0.5962 
7685.2410   0.5578 
7685.4607   0.6279 
7685.6803   0.6328 
7685.8997   0.6357 
7686.1194   0.6593 
7686.3391   0.6404 
7686.5588   0.6122 
7686.7786   0.5839 
7686.9978   0.5886 
7687.2175   0.6326 
7687.4373   0.6663 
7687.6570   0.5987 
7687.8767   0.6366 
7688.0964   0.7403 
7688.3162   0.7490 
7688.5359   0.6420 
7688.7551   0.5814 
7688.9749   0.5401 
7689.1946   0.5416 
7689.4143   0.6466 
7689.6340   0.6738 
7689.8538   0.6256 
7690.0735   0.6227 
7690.2932   0.7375 
7690.5129   0.7704 
7690.7327   0.6459 
7690.9524   0.5815 
7691.1721   0.6481 
7691.3918   0.6388 
7691.6116   0.5580 
7691.8313   0.6238 
7692.0510   0.6897 
7692.2710   0.6923 
7692.4910   0.6371 
7692.7107   0.6083 
7692.9304   0.6675 
7693.1501   0.6830 
7693.3699   0.6034 
7693.5896   0.6367 
7693.8093   0.7149 
7694.0293   0.7545 
7694.2493   0.6486 
7694.4690   0.5672 
7694.6887   0.6031 
7694.9084   0.6733 
7695.1284   0.6528 
7695.3484   0.6579 
7695.5681   0.6675 
7695.7878   0.6582 
7696.0079   0.7006 
7696.2283   0.7102 
7696.4480   0.7180 
7696.6677   0.6439 
7696.8878   0.5680 
7697.1077   0.5565 
7697.3274   0.6612 
7697.5474   0.7365 
7697.7673   0.7652 
7697.9871   0.7361 
7698.2071   0.6344 
7698.4270   0.6355 
7698.6467   0.5575 
7698.8674   0.3572 
7699.0872   0.3677 
7699.3072   0.5042 
7699.5271   0.5343 
7699.7469   0.6406 
7699.9670   0.7538 
7700.1868   0.7528 
7700.4070   0.6838 
7700.6267   0.6390 
7700.8473   0.6173 
7701.0671   0.6608 
7701.2873   0.7266 
7701.5071   0.6577 
7701.7273   0.6393 
7701.9470   0.6640 
7702.1672   0.6431 
7702.3871   0.6109 
7702.6077   0.5915 
7702.8276   0.6199 
7703.0476   0.6768 
7703.2677   0.7155 
7703.4876   0.7509 
7703.7078   0.6658 
7703.9280   0.6282 
7704.1482   0.7125 
7704.3684   0.7273 
7704.5883   0.6856 
7704.8084   0.5651 
7705.0285   0.4397 
7705.2488   0.4790 
7705.4690   0.5715 
7705.6892   0.6156 
7705.9092   0.5810 
7706.1293   0.5442 
7706.3494   0.5664 
7706.5700   0.6154 
7706.7901   0.5761 
7707.0102   0.5604 
7707.2302   0.6120 
7707.4504   0.5998 
7707.6710   0.6153 
7707.8912   0.6310 
7708.1112   0.6326 
7708.3313   0.6166 
7708.5515   0.6229 
7708.7722   0.5951 
7708.9923   0.6178 
7709.2125   0.6118 
7709.4326   0.6214 
7709.6530   0.6570 
7709.8735   0.6120 
7710.0936   0.5373 
7710.3138   0.5192 
7710.5340   0.5917 
7710.7546   0.6759 
7710.9749   0.6465 
7711.1951   0.5850 
7711.4152   0.5298 
7711.6359   0.5616 
7711.8561   0.7141 
7712.0764   0.7520 
7712.2966   0.6915 
7712.5173   0.6008 
7712.7375   0.5141 
7712.9578   0.4896 
7713.1781   0.5344 
7713.3988   0.5984 
7713.6190   0.6157 
7713.8393   0.6674 
7714.0598   0.6789 
7714.2803   0.5069 
7714.5006   0.4978 
7714.7209   0.5945 
7714.9416   0.6368 
7715.1620   0.6375 
7715.3822   0.6613 
7715.6028   0.6416 
7715.8233   0.5693 
7716.0436   0.5502 
7716.2640   0.5827 
7716.4848   0.6278 
7716.7051   0.6514 
7716.9254   0.6612 
7717.1462   0.6520 
7717.3666   0.6405 
7717.5869   0.6340 
7717.8076   0.6417 
7718.0281   0.6054 
7718.2485   0.5759 
7718.4691   0.6434 
7718.6896   0.6321 
7718.9101   0.6216 
7719.1307   0.6752 
7719.3513   0.6584 
7719.5717   0.6755 
7719.7923   0.6756 
7720.0130   0.6235 
7720.2334   0.5810 
7720.4542   0.6265 
7720.6747   0.6133 
7720.8951   0.6281 
7721.1160   0.7018 
7721.3364   0.7643 
7721.5570   0.7214 
7721.7778   0.5953 
7721.9982   0.5952 
7722.2190   0.6395 
7722.4396   0.6291 
7722.6602   0.6074 
7722.8810   0.5997 
7723.1016   0.5342 
7723.3221   0.5328 
7723.5430   0.6247 
7723.7635   0.6411 
7723.9842   0.6198 
7724.2050   0.6112 
7724.4255   0.6690 
7724.6464   0.6733 
7724.8670   0.5671 
7725.0877   0.5093 
7725.3085   0.5922 
7725.5290   0.6915 
7725.7500   0.6810 
7725.9706   0.6377 
7726.1914   0.6354 
7726.4121   0.7254 
7726.6329   0.7115 
7726.8538   0.6897 
7727.0743   0.6772 
7727.2954   0.6379 
7727.5160   0.5690 
7727.7368   0.5636 
7727.9576   0.6684 
7728.1784   0.6123 
7728.3993   0.5955 
7728.6199   0.6966 
7728.8409   0.8001 
7729.0615   0.7794 
7729.2827   0.6826 
7729.5033   0.6259 
7729.7243   0.6600 
7729.9450   0.6797 
7730.1659   0.5990 
7730.3867   0.6509 
7730.6077   0.7192 
7730.8285   0.7464 
7731.0493   0.7295 
7731.2703   0.6397 
7731.4912   0.6438 
7731.7121   0.7154 
7731.9329   0.6931 
7732.1540   0.6592 
7732.3747   0.6135 
7732.5958   0.6440 
7732.8166   0.7404 
7733.0377   0.7614 
7733.2584   0.7262 
7733.4796   0.6550 
7733.7003   0.5789 
7733.9215   0.6981 
7734.1424   0.7999 
7734.3635   0.7356 
7734.5843   0.6718 
7734.8054   0.6536 
7735.0263   0.6556 
7735.2474   0.6817 
7735.4684   0.6414 
7735.6894   0.6827 
7735.9104   0.7518 
7736.1314   0.7499 
7736.3525   0.7499 
7736.5734   0.6729 
7736.7946   0.6591 
7737.0155   0.7333 
7737.2367   0.7192 
7737.4577   0.6206 
7737.6789   0.6428 
7737.8998   0.6926 
7738.1210   0.7774 
7738.3421   0.8451 
7738.5631   0.7588 
7738.7844   0.6435 
7739.0053   0.6939 
7739.2266   0.7017 
7739.4476   0.7115 
7739.6688   0.7371 
7739.8899   0.6685 
7740.1110   0.6501 
7740.3323   0.7456 
7740.5533   0.7516 
7740.7746   0.6678 
7740.9956   0.6081 
7741.2168   0.5824 
7741.4381   0.6625 
7741.6591   0.7582 
7741.8805   0.7482 
7742.1016   0.7571 
7742.3228   0.8067 
7742.5440   0.7213 
7742.7652   0.6100 
7742.9866   0.5636 
7743.2078   0.5063 
7743.4289   0.5918 
7743.6501   0.6884 
7743.8713   0.7064 
7744.0926   0.6528 
7744.3140   0.6782 
7744.5352   0.7201 
7744.7566   0.6725 
7744.9778   0.6443 
7745.1990   0.5965 
7745.4204   0.5899 
7745.6417   0.5916 
7745.8629   0.6255 
7746.0843   0.6467 
7746.3056   0.5775 
7746.5269   0.5938 
7746.7483   0.6863 
7746.9696   0.6687 
7747.1909   0.6196 
7747.4124   0.6615 
7747.6337   0.6867 
7747.8550   0.6550 
7748.0764   0.5475 
7748.2977   0.4953 
7748.5191   0.5659 
7748.7406   0.5300 
7748.9619   0.5545 
7749.1833   0.5772 
7749.4048   0.5146 
7749.6262   0.4633 
7749.8475   0.4862 
7750.0691   0.5158 
7750.2904   0.5529 
7750.5118   0.5938 
7750.7333   0.5621 
7750.9547   0.5225 
7751.1762   0.5260 
7751.3977   0.5360 
7751.6192   0.5832 
7751.8406   0.6226 
7752.0621   0.6685 
7752.2837   0.6621 
7752.5052   0.6535 
7752.7266   0.6460 
7752.9480   0.5732 
7753.1697   0.4920 
7753.3912   0.5110 
7753.6127   0.5901 
7753.8342   0.6277 
7754.0559   0.6931 
7754.2774   0.6651 
7754.4988   0.6690 
7754.7204   0.6598 
7754.9421   0.6086 
7755.1636   0.5964 
7755.3851   0.5881 
7755.6067   0.5749 
7755.8284   0.6532 
7756.0499   0.7049 
7756.2715   0.7076 
7756.4931   0.6149 
7756.7148   0.5637 
7756.9364   0.6209 
7757.1580   0.6048 
7757.3796   0.5725 
7757.6012   0.5781 
7757.8230   0.5662 
7758.0446   0.5571 
7758.2662   0.5945 
7758.4879   0.5991 
7758.7096   0.6205 
7758.9313   0.6885 
7759.1530   0.7127 
7759.3746   0.6477 
7759.5963   0.5667 
7759.8180   0.5194 
7760.0399   0.5140 
7760.2615   0.5465 
7760.4832   0.5839 
7760.7049   0.6579 
7760.9267   0.6999 
7761.1484   0.6897 
7761.3702   0.6989 
7761.5920   0.6844 
7761.8137   0.6127 
7762.0355   0.5275 
7762.2572   0.5588 
7762.4790   0.6403 
7762.7008   0.6384 
7762.9226   0.5986 
7763.1444   0.6319 
7763.3663   0.6876 
7763.5880   0.7229 
7763.8097   0.6093 
7764.0317   0.5850 
7764.2535   0.6230 
7764.4754   0.6213 
7764.6972   0.6453 
7764.9190   0.7138 
7765.1409   0.6778 
7765.3627   0.5911 
7765.5846   0.5729 
7765.8065   0.5549 
7766.0284   0.6666 
7766.2503   0.7467 
7766.4722   0.6554 
7766.6941   0.5989 
7766.9160   0.6932 
7767.1379   0.7251 
7767.3598   0.5587 
7767.5817   0.4817 
7767.8037   0.5562 
7768.0256   0.6314 
7768.2476   0.6957 
7768.4695   0.7160 
7768.6915   0.6446 
7768.9134   0.6127 
7769.1354   0.5996 
7769.3574   0.6241 
7769.5793   0.6458 
7769.8014   0.5858 
7770.0233   0.5850 
7770.2454   0.6521 
7770.4673   0.6933 
7770.6894   0.6473 
7770.9114   0.6279 
7771.1335   0.6558 
7771.3555   0.6409 
7771.5775   0.6109 
7771.7996   0.5755 
7772.0216   0.6101 
7772.2437   0.6737 
7772.4658   0.7227 
7772.6878   0.6995 
7772.9099   0.7084 
7773.1320   0.6936 
7773.3540   0.6165 
7773.5762   0.5736 
7773.7983   0.5896 
7774.0205   0.6228 
7774.2425   0.6723 
7774.4646   0.6668 
7774.6868   0.6190 
7774.9089   0.6774 
7775.1311   0.7614 
7775.3532   0.7029 
7775.5754   0.6248 
7775.7976   0.6164 
7776.0197   0.6359 
7776.2419   0.6352 
7776.4641   0.6221 
7776.6862   0.6360 
7776.9084   0.7332 
7777.1307   0.7503 
7777.3528   0.6733 
7777.5750   0.6070 
7777.7973   0.6136 
7778.0195   0.6665 
7778.2417   0.7046 
7778.4639   0.6908 
7778.6862   0.6326 
7778.9084   0.5778 
7779.1307   0.6291 
7779.3530   0.6922 
7779.5752   0.6882 
7779.7976   0.6821 
7780.0198   0.6682 
7780.2420   0.6738 
7780.4644   0.6760 
7780.6866   0.7092 
7780.9090   0.6558 
7781.1313   0.5810 
7781.3537   0.6210 
7781.5759   0.6525 
7781.7983   0.6698 
7782.0207   0.7478 
7782.2430   0.7482 
7782.4653   0.6527 
7782.6876   0.5951 
7782.9101   0.5641 
7783.1324   0.6001 
7783.3548   0.6136 
7783.5772   0.5706 
7783.7995   0.5264 
7784.0220   0.5432 
7784.2444   0.5700 
7784.4668   0.6558 
7784.6892   0.6685 
7784.9116   0.6137 
7785.1341   0.6727 
7785.3565   0.7291 
7785.5789   0.6766 
7785.8014   0.6190 
7786.0238   0.6137 
7786.2463   0.6148 
7786.4687   0.6156 
7786.6913   0.6115 
7786.9137   0.5922 
7787.1362   0.6172 
7787.3587   0.6509 
7787.5812   0.6647 
7787.8037   0.7144 
7788.0262   0.6847 
7788.2487   0.6493 
7788.4712   0.6685 
7788.6938   0.5975 
7788.9163   0.4953 
7789.1388   0.5431 
7789.3614   0.6077 
7789.5840   0.6133 
7789.8066   0.6568 
7790.0291   0.6919 
7790.2517   0.6197 
7790.4743   0.5915 
7790.6969   0.6669 
7790.9194   0.7283 
7791.1420   0.7215 
7791.3647   0.6367 
7791.5873   0.5671 
7791.8099   0.5965 
7792.0326   0.6498 
7792.2551   0.6840 
7792.4778   0.6970 
7792.7005   0.6359 
7792.9230   0.6329 
7793.1459   0.6535 
7793.3684   0.7172 
7793.5911   0.7288 
7793.8138   0.7034 
7794.0363   0.7014 
7794.2591   0.6858 
7794.4819   0.6372 
7794.7046   0.5975 
7794.9271   0.6020 
7795.1499   0.6287 
7795.3727   0.6258 
7795.5955   0.6694 
7795.8182   0.7347 
7796.0409   0.7057 
7796.2635   0.6194 
7796.4863   0.6552 
7796.7090   0.6852 
7796.9318   0.7055 
7797.1546   0.7038 
7797.3774   0.6242 
7797.6002   0.5432 
7797.8229   0.6327 
7798.0457   0.7185 
7798.2685   0.6879 
7798.4915   0.6555 
7798.7144   0.6932 
7798.9371   0.6914 
7799.1599   0.6572 
7799.3827   0.6908 
7799.6055   0.7118 
7799.8285   0.6573 
7800.0513   0.6005 
7800.2741   0.5302 
7800.4970   0.5841 
7800.7200   0.6398 
7800.9427   0.6633 
7801.1656   0.7039 
7801.3886   0.6648 
7801.6114   0.7092 
7801.8344   0.7748 
7802.0573   0.7715 
7802.2801   0.6668 
7802.5031   0.5942 
7802.7261   0.6536 
7802.9490   0.7215 
7803.1719   0.7343 
7803.3949   0.6832 
7803.6179   0.6694 
7803.8407   0.7380 
7804.0638   0.7187 
7804.2868   0.6406 
7804.5097   0.6305 
7804.7328   0.6619 
7804.9558   0.7290 
7805.1787   0.7702 
7805.4017   0.7479 
7805.6247   0.7225 
7805.8478   0.7082 
7806.0709   0.6775 
7806.2937   0.6578 
7806.5168   0.6640 
7806.7399   0.7293 
7806.9629   0.7552 
7807.1860   0.7084 
7807.4091   0.6568 
7807.6321   0.6333 
7807.8552   0.6769 
7808.0783   0.7125 
7808.3014   0.7074 
7808.5246   0.6505 
7808.7476   0.6775 
7808.9707   0.7468 
7809.1939   0.7601 
7809.4169   0.7463 
7809.6401   0.7288 
7809.8632   0.6983 
7810.0863   0.7257 
7810.3095   0.6989 
7810.5326   0.6966 
7810.7559   0.7058 
7810.9790   0.6749 
7811.2022   0.6233 
7811.4253   0.6701 
7811.6484   0.7721 
7811.8718   0.7870 
7812.0949   0.6932 
7812.3181   0.6685 
7812.5413   0.7347 
7812.7645   0.7659 
7812.9878   0.7291 
7813.2109   0.7341 
7813.4343   0.7634 
7813.6574   0.7486 
7813.8809   0.6931 
7814.1040   0.7010 
7814.3273   0.7137 
7814.5505   0.6972 
7814.7738   0.6640 
7814.9971   0.6583 
7815.2204   0.7563 
7815.4437   0.8204 
7815.6669   0.7874 
7815.8903   0.7467 
7816.1136   0.7682 
7816.3370   0.7493 
7816.5602   0.6937 
7816.7836   0.6474 
7817.0069   0.6587 
7817.2302   0.6766 
7817.4536   0.7163 
7817.6770   0.7730 
7817.9004   0.7750 
7818.1237   0.7622 
7818.3470   0.7518 
7818.5704   0.6792 
7818.7938   0.6732 
7819.0172   0.7705 
7819.2407   0.7420 
7819.4641   0.7096 
7819.6875   0.7624 
7819.9109   0.7261 
7820.1343   0.6576 
7820.3578   0.6641 
7820.5811   0.6716 
7820.8047   0.6534 
7821.0281   0.6430 
7821.2516   0.6697 
7821.4750   0.6972 
7821.6986   0.6960 
7821.9220   0.6816 
7822.1455   0.7184 
7822.3689   0.7815 
7822.5925   0.7556 
7822.8160   0.6588 
7823.0395   0.6107 
7823.2630   0.6322 
7823.4865   0.7129 
7823.7101   0.7709 
7823.9337   0.7559 
7824.1572   0.7178 
7824.3807   0.7099 
7824.6042   0.7012 
7824.8278   0.6792 
7825.0514   0.7274 
7825.2750   0.7449 
7825.4986   0.7309 
7825.7221   0.7129 
7825.9458   0.6853 
7826.1693   0.7055 
7826.3930   0.7058 
7826.6166   0.6224 
7826.8402   0.6103 
7827.0638   0.7425 
7827.2875   0.7683 
7827.5111   0.6876 
7827.7347   0.6730 
7827.9584   0.6586 
7828.1820   0.5626 
7828.4057   0.5699 
7828.6294   0.6413 
7828.8530   0.6361 
7829.0768   0.6133 
7829.3004   0.6738 
7829.5241   0.7006 
7829.7478   0.6893 
7829.9716   0.6431 
7830.1952   0.6171 
7830.4190   0.6244 
7830.6427   0.6306 
7830.8664   0.6721 
7831.0902   0.6713 
7831.3140   0.6543 
7831.5378   0.6716 
7831.7616   0.7084 
7831.9851   0.6456 
7832.2089   0.5283 
7832.4327   0.5607 
7832.6564   0.6386 
7832.8803   0.7135 
7833.1041   0.6911 
7833.3278   0.6308 
7833.5517   0.6672 
7833.7755   0.6728 
7833.9995   0.6724 
7834.2233   0.7026 
7834.4471   0.6894 
7834.6709   0.6811 
7834.8948   0.6624 
7835.1187   0.6599 
7835.3424   0.6110 
7835.5663   0.5974 
7835.7903   0.6107 
7836.0141   0.6015 
7836.2380   0.6072 
7836.4619   0.7032 
7836.6859   0.7512 
7836.9097   0.6683 
7837.1337   0.5933 
7837.3576   0.6255 
7837.5815   0.6444 
7837.8054   0.6349 
7838.0294   0.6856 
7838.2533   0.7584 
7838.4772   0.7758 
7838.7012   0.7459 
7838.9252   0.7238 
7839.1492   0.6878 
7839.3731   0.6423 
7839.5971   0.6812 
7839.8211   0.6588 
7840.0451   0.6156 
7840.2691   0.5712 
7840.4931   0.5191 
7840.7171   0.5767 
7840.9412   0.6770 
7841.1651   0.7251 
7841.3892   0.7215 
7841.6133   0.6864 
7841.8374   0.7200 
7842.0613   0.6987 
7842.2855   0.6388 
7842.5095   0.6406 
7842.7336   0.6673 
7842.9577   0.6778 
7843.1817   0.6895 
7843.4059   0.7076 
7843.6300   0.7165 
7843.8540   0.6776 
7844.0781   0.6609 
7844.3023   0.7346 
7844.5264   0.7295 
7844.7506   0.6237 
7844.9747   0.6270 
7845.1988   0.6994 
7845.4229   0.7031 
7845.6471   0.7202 
7845.8713   0.7398 
7846.0955   0.7346 
7846.3196   0.7012 
7846.5438   0.7041 
7846.7680   0.7127 
7846.9922   0.6643 
7847.2165   0.6344 
7847.4406   0.6903 
7847.6648   0.7303 
7847.8890   0.7496 
7848.1133   0.7356 
7848.3375   0.7376 
7848.5618   0.7270 
7848.7860   0.6717 
7849.0103   0.6647 
7849.2345   0.5988 
7849.4588   0.5483 
7849.6831   0.6567 
7849.9073   0.7202 
7850.1316   0.7414 
7850.3559   0.7469 
7850.5802   0.7250 
7850.8045   0.6610 
7851.0288   0.7028 
7851.2531   0.7493 
7851.4774   0.7415 
7851.7019   0.7115 
7851.9261   0.6889 
7852.1505   0.6996 
7852.3748   0.6814 
7852.5993   0.5298 
7852.8235   0.5285 
7853.0480   0.6727 
7853.2723   0.7683 
7853.4967   0.7956 
7853.7211   0.7481 
7853.9455   0.7640 
7854.1698   0.7640 
7854.3943   0.6945 
7854.6188   0.6574 
7854.8431   0.6539 
7855.0675   0.7168 
7855.2920   0.7295 
7855.5164   0.7090 
7855.7409   0.7333 
7855.9653   0.7470 
7856.1898   0.7545 
7856.4142   0.7730 
7856.6387   0.7721 
7856.8631   0.6758 
7857.0877   0.6620 
7857.3122   0.7290 
7857.5366   0.7312 
7857.7611   0.7324 
7857.9857   0.7419 
7858.2102   0.7012 
7858.4348   0.7513 
7858.6593   0.7674 
7858.8838   0.7273 
7859.1083   0.7014 
7859.3328   0.6603 
7859.5574   0.6893 
7859.7820   0.7898 
7860.0066   0.8391 
7860.2311   0.8096 
7860.4557   0.7287 
7860.6803   0.7271 
7860.9049   0.7465 
7861.1295   0.6892 
7861.3541   0.6341 
7861.5787   0.6223 
7861.8033   0.6213 
7862.0280   0.6292 
7862.2526   0.6966 
7862.4772   0.7630 
7862.7019   0.7415 
7862.9265   0.7056 
7863.1512   0.7216 
7863.3758   0.7339 
7863.6005   0.7121 
7863.8252   0.6850 
7864.0499   0.6445 
7864.2746   0.6792 
7864.4993   0.7632 
7864.7240   0.7538 
7864.9486   0.7340 
7865.1734   0.7528 
7865.3981   0.7339 
7865.6228   0.6907 
7865.8476   0.7253 
7866.0724   0.7803 
7866.2971   0.7247 
7866.5218   0.6974 
7866.7466   0.7061 
7866.9714   0.6995 
7867.1961   0.7311 
7867.4209   0.7488 
7867.6457   0.7693 
7867.8705   0.7646 
7868.0952   0.7441 
7868.3201   0.7349 
7868.5449   0.7028 
7868.7697   0.7021 
7868.9945   0.7463 
7869.2194   0.7500 
7869.4442   0.7061 
7869.6691   0.6860 
7869.8938   0.6493 
7870.1188   0.6598 
7870.3436   0.6811 
7870.5685   0.7347 
7870.7934   0.7535 
7871.0182   0.7105 
7871.2432   0.7129 
7871.4680   0.7775 
7871.6929   0.8070 
7871.9178   0.7591 
7872.1428   0.7277 
7872.3677   0.7421 
7872.5926   0.6799 
7872.8175   0.6594 
7873.0425   0.7019 
7873.2674   0.7363 
7873.4924   0.7423 
7873.7173   0.7600 
7873.9423   0.7561 
7874.1673   0.7206 
7874.3922   0.7416 
7874.6173   0.7917 
7874.8422   0.7655 
7875.0672   0.7149 
7875.2923   0.7344 
7875.5172   0.7229 
7875.7423   0.6476 
7875.9673   0.6699 
7876.1923   0.7809 
7876.4173   0.8107 
7876.6424   0.8408 
7876.8674   0.8626 
7877.0925   0.7921 
7877.3176   0.6687 
7877.5427   0.6623 
7877.7677   0.7713 
7877.9928   0.8118 
7878.2179   0.7951 
7878.4430   0.7381 
7878.6681   0.7039 
7878.8932   0.7191 
7879.1183   0.7235 
7879.3434   0.7602 
7879.5686   0.7649 
7879.7937   0.7679 
7880.0189   0.8101 
7880.2440   0.8310 
7880.4692   0.7630 
7880.6943   0.6822 
7880.9194   0.6805 
7881.1446   0.7277 
7881.3698   0.7269 
7881.5950   0.6902 
7881.8202   0.7164 
7882.0454   0.7342 
7882.2706   0.6948 
7882.4958   0.7078 
7882.7210   0.7690 
7882.9462   0.7877 
7883.1715   0.7990 
7883.3967   0.7675 
7883.6219   0.7719 
7883.8472   0.8262 
7884.0725   0.7879 
7884.2978   0.7258 
7884.5230   0.7061 
7884.7483   0.6804 
7884.9735   0.6063 
7885.1988   0.6994 
7885.4241   0.7490 
7885.6494   0.7396 
7885.8748   0.7747 
7886.1001   0.8016 
7886.3254   0.8075 
7886.5507   0.8010 
7886.7760   0.7775 
7887.0013   0.8153 
7887.2267   0.8187 
7887.4522   0.7294 
7887.6773   0.6730 
7887.9028   0.7132 
7888.1282   0.7929 
7888.3536   0.8418 
7888.5789   0.8052 
7888.8042   0.7461 
7889.0297   0.7188 
7889.2551   0.7142 
7889.4805   0.7501 
7889.7060   0.8101 
7889.9314   0.7954 
7890.1567   0.7440 
7890.3823   0.7561 
7890.6077   0.7889 
7890.8331   0.8164 
7891.0586   0.8115 
7891.2839   0.7480 
7891.5095   0.7594 
7891.7350   0.8047 
7891.9604   0.7811 
7892.1860   0.7727 
7892.4113   0.8081 
7892.6371   0.7840 
7892.8623   0.7652 
7893.0880   0.7800 
7893.3134   0.7861 
7893.5391   0.8043 
7893.7644   0.7701 
7893.9902   0.7282 
7894.2154   0.7584 
7894.4413   0.7998 
7894.6666   0.8113 
7894.8923   0.7786 
7895.1179   0.6848 
7895.3434   0.6397 
7895.5692   0.7107 
7895.7944   0.8089 
7896.0203   0.8275 
7896.2459   0.8028 
7896.4713   0.7534 
7896.6972   0.7416 
7896.9227   0.7612 
7897.1482   0.7852 
7897.3740   0.8225 
7897.5997   0.8111 
7897.8251   0.7702 
7898.0509   0.7119 
7898.2768   0.7121 
7898.5021   0.7898 
7898.7278   0.8311 
7898.9536   0.8034 
7899.1794   0.8001 
7899.4048   0.7642 
7899.6305   0.7194 
7899.8563   0.7148 
7900.0821   0.7662 
7900.3080   0.8172 
7900.5335   0.7807 
7900.7590   0.7186 
7900.9849   0.6920 
7901.2107   0.7470 
7901.4365   0.7995 
7901.6624   0.8077 
7901.8882   0.7881 
7902.1140   0.8000 
7902.3398   0.7916 
7902.5650   0.7898 
7902.7909   0.7673 
7903.0167   0.7487 
7903.2426   0.7710 
7903.4684   0.7936 
7903.6942   0.7460 
7903.9200   0.6861 
7904.1459   0.7012 
7904.3717   0.7854 
7904.5976   0.8248 
7904.8233   0.8460 
7905.0492   0.7896 
7905.2750   0.7301 
7905.5009   0.7509 
7905.7270   0.7766 
7905.9531   0.7550 
7906.1790   0.7657 
7906.4048   0.8055 
7906.6306   0.7970 
7906.8564   0.8211 
7907.0823   0.8097 
7907.3081   0.7263 
7907.5341   0.6490 
7907.7604   0.6885 
7907.9862   0.7122 
7908.2120   0.6980 
7908.4379   0.6820 
7908.6638   0.6946 
7908.8901   0.7397 
7909.1160   0.7540 
7909.3418   0.6871 
7909.5676   0.6707 
7909.7940   0.7437 
7910.0199   0.8033 
7910.2457   0.7848 
7910.4718   0.7412 
7910.6980   0.7367 
7910.9238   0.7413 
7911.1498   0.7546 
7911.3761   0.7456 
7911.6019   0.7544 
7911.8280   0.7581 
7912.0542   0.7465 
7912.2800   0.7140 
7912.5063   0.6862 
7912.7323   0.5380 
7912.9583   0.5221 
7913.1846   0.7049 
7913.4104   0.7469 
7913.6368   0.7080 
7913.8627   0.6789 
7914.0890   0.7323 
7914.3149   0.7982 
7914.5412   0.8214 
7914.7672   0.7959 
7914.9935   0.7670 
7915.2195   0.7350 
7915.4457   0.7357 
7915.6718   0.7516 
7915.8981   0.7380 
7916.1241   0.7122 
7916.3505   0.7580 
7916.5765   0.8099 
7916.8027   0.7864 
7917.0290   0.7682 
7917.2551   0.7107 
7917.4814   0.6645 
7917.7076   0.7114 
7917.9337   0.7401 
7918.1601   0.7340 
7918.3862   0.7166 
7918.6124   0.7292 
7918.8388   0.7557 
7919.0650   0.7671 
7919.2912   0.7739 
7919.5176   0.8067 
7919.7439   0.7572 
7919.9701   0.7260 
7920.1963   0.7624 
7920.4228   0.7835 
7920.6490   0.7409 
7920.8753   0.7203 
7921.1016   0.7262 
7921.3279   0.7545 
7921.5543   0.8011 
7921.7806   0.8129 
7922.0069   0.7857 
7922.2332   0.7636 
7922.4596   0.7570 
7922.6859   0.7444 
7922.9124   0.7039 
7923.1387   0.7128 
7923.3651   0.7999 
7923.5915   0.8350 
7923.8179   0.7807 
7924.0442   0.7196 
7924.2707   0.7317 
7924.4971   0.7516 
7924.7235   0.7764 
7924.9498   0.7556 
7925.1764   0.7602 
7925.4028   0.8096 
7925.6292   0.8268 
7925.8556   0.7939 
7926.0822   0.7062 
7926.3086   0.7189 
7926.5351   0.7766 
7926.7615   0.7582 
7926.9880   0.7392 
7927.2145   0.7793 
7927.4410   0.8011 
7927.6675   0.7934 
7927.8940   0.7525 
7928.1206   0.7557 
7928.3471   0.7735 
7928.5736   0.7657 
7928.8001   0.7683 
7929.0266   0.8048 
7929.2532   0.7980 
7929.4797   0.7430 
7929.7064   0.7757 
7929.9329   0.8457 
7930.1594   0.8423 
7930.3860   0.7800 
7930.6127   0.7065 
7930.8392   0.7122 
7931.0658   0.8004 
7931.2924   0.8564 
7931.5190   0.8353 
7931.7457   0.8245 
7931.9722   0.7936 
7932.1989   0.7765 
7932.4255   0.7927 
7932.6522   0.7966 
7932.8788   0.7213 
7933.1055   0.6692 
7933.3321   0.7277 
7933.5588   0.7655 
7933.7855   0.8265 
7934.0122   0.8698 
7934.2389   0.8440 
7934.4655   0.8095 
7934.6923   0.7743 
7934.9189   0.7745 
7935.1457   0.7903 
7935.3724   0.8126 
7935.5991   0.7772 
7935.8259   0.7519 
7936.0526   0.8176 
7936.2793   0.8665 
7936.5061   0.8303 
7936.7329   0.7466 
7936.9597   0.5932 
7937.1864   0.5551 
7937.4132   0.7031 
7937.6399   0.7816 
7937.8669   0.7892 
7938.0935   0.7721 
7938.3204   0.7254 
7938.5472   0.6925 
7938.7739   0.7624 
7939.0008   0.8216 
7939.2277   0.7892 
7939.4545   0.7723 
7939.6814   0.7883 
7939.9082   0.8253 
7940.1350   0.8104 
7940.3620   0.7694 
7940.5887   0.7338 
7940.8157   0.7068 
7941.0425   0.6533 
7941.2694   0.7205 
7941.4963   0.7755 
7941.7232   0.7143 
7941.9501   0.6963 
7942.1771   0.7687 
7942.4040   0.8313 
7942.6309   0.8610 
7942.8579   0.8565 
7943.0848   0.7895 
7943.3118   0.7391 
7943.5387   0.7318 
7943.7656   0.7043 
7943.9926   0.7325 
7944.2195   0.7692 
7944.4466   0.6637 
7944.6735   0.6279 
7944.9006   0.7298 
7945.1276   0.7892 
7945.3546   0.8198 
7945.5816   0.7578 
7945.8086   0.6148 
7946.0356   0.6698 
7946.2626   0.7501 
7946.4897   0.7749 
7946.7167   0.7902 
7946.9438   0.8175 
7947.1708   0.7945 
7947.3979   0.7055 
7947.6250   0.6628 
7947.8520   0.7652 
7948.0792   0.8622 
7948.3062   0.8653 
7948.5333   0.7819 
7948.7604   0.7238 
7948.9875   0.6069 
7949.2146   0.5499 
7949.4417   0.7156 
7949.6689   0.8218 
7949.8960   0.8535 
7950.1232   0.8068 
7950.3503   0.7749 
7950.5775   0.8101 
7950.8047   0.8319 
7951.0318   0.8118 
7951.2590   0.8086 
7951.4861   0.7834 
7951.7134   0.7481 
7951.9406   0.7765 
7952.1678   0.8316 
7952.3950   0.8716 
7952.6222   0.8735 
7952.8494   0.8707 
7953.0767   0.8180 
7953.3039   0.7677 
7953.5311   0.7998 
7953.7584   0.8381 
7953.9856   0.8395 
7954.2129   0.8440 
7954.4401   0.8229 
7954.6674   0.7235 
7954.8947   0.6731 
7955.1219   0.7601 
7955.3493   0.8208 
7955.5766   0.8276 
7955.8039   0.8033 
7956.0312   0.7878 
7956.2585   0.7816 
7956.4859   0.7483 
7956.7131   0.6901 
7956.9406   0.7486 
7957.1678   0.8206 
7957.3953   0.8412 
7957.6226   0.8216 
7957.8499   0.8193 
7958.0773   0.8156 
7958.3047   0.8244 
7958.5320   0.8350 
7958.7594   0.8119 
7958.9869   0.7923 
7959.2142   0.8209 
7959.4416   0.8028 
7959.6691   0.7669 
7959.8965   0.7339 
7960.1239   0.7394 
7960.3513   0.7923 
7960.5788   0.8038 
7960.8062   0.8367 
7961.0337   0.8565 
7961.2612   0.7894 
7961.4886   0.7370 
7961.7161   0.7960 
7961.9436   0.8464 
7962.1710   0.8575 
7962.3985   0.8348 
7962.6260   0.8127 
7962.8536   0.8153 
7963.0810   0.7914 
7963.3085   0.7555 
7963.5361   0.7952 
7963.7636   0.8621 
7963.9913   0.8746 
7964.2187   0.8545 
7964.4462   0.8574 
7964.6738   0.8275 
7964.9014   0.8083 
7965.1290   0.8409 
7965.3565   0.8441 
7965.5841   0.8292 
7965.8118   0.8416 
7966.0394   0.8493 
7966.2669   0.8356 
7966.4945   0.7999 
7966.7222   0.8030 
7966.9497   0.8406 
7967.1775   0.8513 
7967.4051   0.8650 
7967.6326   0.8501 
7967.8603   0.8696 
7968.0881   0.8865 
7968.3157   0.8077 
7968.5432   0.7880 
7968.7710   0.8623 
7968.9987   0.8753 
7969.2264   0.8546 
7969.4540   0.8564 
7969.6817   0.8715 
7969.9095   0.8597 
7970.1372   0.8164 
7970.3650   0.8121 
7970.5927   0.8197 
7970.8203   0.8390 
7971.0481   0.8544 
7971.2759   0.8421 
7971.5036   0.8572 
7971.7315   0.8592 
7971.9592   0.8281 
7972.1870   0.7972 
7972.4146   0.8014 
7972.6424   0.8447 
7972.8703   0.8827 
7973.0980   0.8897 
7973.3258   0.8954 
7973.5537   0.8730 
7973.7815   0.8195 
7974.0093   0.8042 
7974.2372   0.8341 
7974.4650   0.8251 
7974.6929   0.8026 
7974.9208   0.8231 
7975.1486   0.8612 
7975.3765   0.8690 
7975.6043   0.8640 
7975.8322   0.8818 
7976.0600   0.8894 
7976.2879   0.8886 
7976.5158   0.8584 
7976.7438   0.8122 
7976.9717   0.8114 
7977.1996   0.8473 
7977.4274   0.8886 
7977.6555   0.8932 
7977.8833   0.8782 
7978.1112   0.8361 
7978.3394   0.8092 
7978.5672   0.7088 
7978.7953   0.5272 
7979.0231   0.5849 
7979.2511   0.7691 
7979.4790   0.8135 
7979.7070   0.8175 
7979.9352   0.8335 
7980.1631   0.8598 
7980.3911   0.8632 
7980.6191   0.8447 
7980.8471   0.8453 
7981.0751   0.8386 
7981.3032   0.8574 
7981.5312   0.8749 
7981.7593   0.8719 
7981.9873   0.8539 
7982.2154   0.8314 
7982.4435   0.8304 
7982.6715   0.8176 
7982.8996   0.8337 
7983.1277   0.8549 
7983.3558   0.8782 
7983.5839   0.8920 
7983.8120   0.8632 
7984.0402   0.8606 
7984.2682   0.8508 
7984.4964   0.8483 
7984.7245   0.8494 
7984.9526   0.8322 
7985.1807   0.8223 
7985.4090   0.8667 
7985.6370   0.8769 
7985.8652   0.8656 
7986.0934   0.8554 
7986.3215   0.8209 
7986.5498   0.8413 
7986.7779   0.8727 
7987.0062   0.8259 
7987.2344   0.7141 
7987.4625   0.7020 
7987.6908   0.7564 
7987.9190   0.7497 
7988.1472   0.7814 
7988.3755   0.8052 
7988.6037   0.8131 
7988.8319   0.8481 
7989.0602   0.8435 
7989.2885   0.8128 
7989.5167   0.8264 
7989.7450   0.8652 
7989.9733   0.8829 
7990.2016   0.8817 
7990.4299   0.8837 
7990.6582   0.8487 
7990.8865   0.8049 
7991.1148   0.8225 
7991.3432   0.8518 
7991.5714   0.8483 
7991.7998   0.8400 
7992.0281   0.8277 
7992.2565   0.8048 
7992.4848   0.8210 
7992.7132   0.8415 
7992.9416   0.8427 
7993.1699   0.8276 
7993.3983   0.7997 
7993.6267   0.7767 
7993.8550   0.8235 
7994.0835   0.8568 
7994.3119   0.8593 
7994.5403   0.8368 
7994.7687   0.7962 
7994.9972   0.7738 
7995.2256   0.7787 
7995.4539   0.8056 
7995.6825   0.8158 
7995.9109   0.8282 
7996.1393   0.8015 
7996.3678   0.7365 
7996.5964   0.7548 
7996.8247   0.8403 
7997.0532   0.8646 
7997.2818   0.8768 
7997.5102   0.8710 
7997.7388   0.8483 
7997.9672   0.8354 
7998.1957   0.8265 
7998.4243   0.8242 
7998.6528   0.7692 
7998.8815   0.6416 
7999.1099   0.6966 
7999.3385   0.8335 
7999.5670   0.8379 
7999.7955   0.8099 
8000.0242   0.8036 
8000.2527   0.8330 
8000.4813   0.8821 
8000.7098   0.8698 
8000.9385   0.8468 
8001.1671   0.8596 
8001.3957   0.8649 
8001.6243   0.8667 
8001.8529   0.8499 
8002.0815   0.8635 
8002.3101   0.8395 
8002.5388   0.8026 
8002.7675   0.8248 
8002.9961   0.8374 
8003.2248   0.8191 
8003.4534   0.8002 
8003.6821   0.8108 
8003.9109   0.8365 
8004.1394   0.8710 
8004.3682   0.8964 
8004.5969   0.8937 
8004.8256   0.8429 
8005.0543   0.7192 
8005.2830   0.6595 
8005.5118   0.7995 
8005.7404   0.8556 
8005.9693   0.8659 
8006.1979   0.8614 
8006.4268   0.8522 
8006.6554   0.8590 
8006.8842   0.8688 
8007.1131   0.8511 
8007.3417   0.8167 
8007.5705   0.8226 
8007.7995   0.8698 
8008.0281   0.8867 
8008.2569   0.8463 
8008.4858   0.8414 
8008.7146   0.8708 
8008.9434   0.8735 
8009.1721   0.8635 
8009.4010   0.8574 
8009.6299   0.8641 
8009.8587   0.8405 
8010.0877   0.8315 
8010.3166   0.8708 
8010.5454   0.8910 
8010.7743   0.8804 
8011.0032   0.8882 
8011.2321   0.8996 
8011.4610   0.8849 
8011.6898   0.8378 
8011.9187   0.8281 
8012.1476   0.8438 
8012.3765   0.8483 
8012.6053   0.8549 
8012.8345   0.8856 
8013.0634   0.8841 
8013.2923   0.8652 
8013.5212   0.8838 
8013.7501   0.8978 
8013.9792   0.8873 
8014.2082   0.8760 
8014.4371   0.8722 
8014.6662   0.8864 
8014.8951   0.8784 
8015.1241   0.8787 
8015.3532   0.8844 
8015.5820   0.8691 
8015.8112   0.8474 
8016.0401   0.8562 
8016.2692   0.8876 
8016.4982   0.8884 
8016.7274   0.8830 
8016.9563   0.8531 
8017.1854   0.8424 
8017.4145   0.8667 
8017.6435   0.8733 
8017.8726   0.8705 
8018.1017   0.8584 
8018.3307   0.8660 
8018.5599   0.8781 
8018.7890   0.8881 
8019.0181   0.8890 
8019.2472   0.9075 
8019.4764   0.9260 
8019.7055   0.9123 
8019.9346   0.8864 
8020.1637   0.8410 
8020.3928   0.8349 
8020.6220   0.8658 
8020.8512   0.8736 
8021.0804   0.8540 
8021.3095   0.8357 
8021.5388   0.8381 
8021.7679   0.8481 
8021.9971   0.8470 
8022.2263   0.8827 
8022.4556   0.8843 
8022.6848   0.8577 
8022.9140   0.8569 
8023.1432   0.8847 
8023.3724   0.9013 
8023.6016   0.9001 
8023.8310   0.8558 
8024.0602   0.8270 
8024.2895   0.8678 
8024.5186   0.8380 
8024.7481   0.6660 
8024.9773   0.6772 
8025.2065   0.8259 
8025.4359   0.8579 
8025.6652   0.8399 
8025.8944   0.8335 
8026.1238   0.8453 
8026.3531   0.8506 
8026.5825   0.8782 
8026.8118   0.8694 
8027.0411   0.8084 
8027.2705   0.6780 
8027.4999   0.7126 
8027.7291   0.7829 
8027.9585   0.7538 
8028.1879   0.7432 
8028.4173   0.7725 
8028.6467   0.8743 
8028.8761   0.8910 
8029.1055   0.8664 
8029.3349   0.8759 
8029.5643   0.8713 
8029.7937   0.8752 
8030.0231   0.8982 
8030.2526   0.9039 
8030.4820   0.8858 
8030.7115   0.8673 
8030.9409   0.8592 
8031.1703   0.8609 
8031.3998   0.8704 
8031.6294   0.9070 
8031.8589   0.9169 
8032.0883   0.9022 
8032.3178   0.8761 
8032.5473   0.8626 
8032.7768   0.8548 
8033.0063   0.8821 
8033.2358   0.9170 
8033.4653   0.9342 
8033.6949   0.9331 
8033.9243   0.9153 
8034.1539   0.8764 
8034.3834   0.8798 
8034.6130   0.8881 
8034.8426   0.8400 
8035.0722   0.8209 
8035.3018   0.8627 
8035.5313   0.8977 
8035.7609   0.9054 
8035.9905   0.9008 
8036.2201   0.8998 
8036.4497   0.9076 
8036.6794   0.9241 
8036.9089   0.9125 
8037.1386   0.8887 
8037.3682   0.8915 
8037.5979   0.8967 
8037.8276   0.9125 
8038.0571   0.8873 
8038.2868   0.8778 
8038.5165   0.8953 
8038.7462   0.8955 
8038.9758   0.8938 
8039.2056   0.9028 
8039.4352   0.9253 
8039.6650   0.9210 
8039.8946   0.8744 
8040.1244   0.8447 
8040.3540   0.8632 
8040.5839   0.9040 
8040.8135   0.8988 
8041.0432   0.8719 
8041.2730   0.8959 
8041.5028   0.9081 
8041.7325   0.8921 
8041.9623   0.8946 
8042.1922   0.9011 
8042.4218   0.8935 
8042.6517   0.8830 
8042.8814   0.8842 
8043.1113   0.9028 
8043.3410   0.9050 
8043.5709   0.9080 
8043.8006   0.8789 
8044.0305   0.8574 
8044.2603   0.8528 
8044.4902   0.8659 
8044.7200   0.9074 
8044.9499   0.9117 
8045.1798   0.9004 
8045.4096   0.9014 
8045.6394   0.8937 
8045.8693   0.7680 
8046.0992   0.6780 
8046.3291   0.8152 
8046.5590   0.8964 
8046.7889   0.9003 
8047.0188   0.8995 
8047.2487   0.8312 
8047.4785   0.5974 
8047.7087   0.5694 
8047.9386   0.7908 
8048.1685   0.8738 
8048.3984   0.8836 
8048.6284   0.8975 
8048.8584   0.9171 
8049.0883   0.9160 
8049.3183   0.9218 
8049.5483   0.9139 
8049.7783   0.8677 
8050.0083   0.8371 
8050.2383   0.8741 
8050.4683   0.8959 
8050.6983   0.8917 
8050.9283   0.8804 
8051.1584   0.8889 
8051.3884   0.9169 
8051.6184   0.9327 
8051.8485   0.9139 
8052.0785   0.9003 
8052.3086   0.9098 
8052.5387   0.9256 
8052.7688   0.9093 
8052.9988   0.8682 
8053.2289   0.8795 
8053.4590   0.9106 
8053.6892   0.9002 
8053.9192   0.8754 
8054.1494   0.8652 
8054.3795   0.8825 
8054.6096   0.9024 
8054.8397   0.9222 
8055.0699   0.9157 
8055.3000   0.8441 
8055.5302   0.8066 
8055.7604   0.8056 
8055.9905   0.8548 
8056.2208   0.8935 
8056.4509   0.9128 
8056.6811   0.9270 
8056.9113   0.9284 
8057.1415   0.9216 
8057.3717   0.9162 
8057.6018   0.9070 
8057.8321   0.8469 
8058.0622   0.7719 
8058.2925   0.8334 
8058.5228   0.8838 
8058.7530   0.9049 
8058.9833   0.9192 
8059.2135   0.9022 
8059.4438   0.9083 
8059.6741   0.9097 
8059.9043   0.8921 
8060.1347   0.8864 
8060.3650   0.9020 
8060.5951   0.9083 
8060.8256   0.9148 
8061.0558   0.9321 
8061.2862   0.9215 
8061.5165   0.9048 
8061.7469   0.8966 
8061.9771   0.8932 
8062.2076   0.8876 
8062.4378   0.8584 
8062.6682   0.8014 
8062.8986   0.6727 
8063.1289   0.6689 
8063.3593   0.8555 
8063.5896   0.9265 
8063.8201   0.9068 
8064.0505   0.8802 
8064.2810   0.8964 
8064.5113   0.9272 
8064.7418   0.9242 
8064.9721   0.9130 
8065.2026   0.9216 
8065.4331   0.9328 
8065.6635   0.9117 
8065.8940   0.8360 
8066.1243   0.8286 
8066.3549   0.8922 
8066.5852   0.9093 
8066.8158   0.9062 
8067.0463   0.8715 
8067.2768   0.8702 
8067.5073   0.9033 
8067.7378   0.9079 
8067.9683   0.8347 
8068.1988   0.6589 
8068.4293   0.7084 
8068.6599   0.8514 
8068.8904   0.8913 
8069.1210   0.9009 
8069.3515   0.8992 
8069.5820   0.8888 
8069.8127   0.8296 
8070.0432   0.6551 
8070.2738   0.6853 
8070.5044   0.8222 
8070.7350   0.8455 
8070.9655   0.8873 
8071.1962   0.9169 
8071.4267   0.9190 
8071.6573   0.9014 
8071.8879   0.8448 
8072.1186   0.7308 
8072.3493   0.7629 
8072.5798   0.8842 
8072.8106   0.9221 
8073.0411   0.9231 
8073.2719   0.9145 
8073.5024   0.9137 
8073.7331   0.9179 
8073.9639   0.9199 
8074.1946   0.9122 
8074.4253   0.8873 
8074.6559   0.8749 
8074.8866   0.7582 
8075.1173   0.5677 
8075.3480   0.6853 
8075.5788   0.8521 
8075.8096   0.8926 
8076.0403   0.9265 
8076.2710   0.9373 
8076.5019   0.9327 
8076.7325   0.9376 
8076.9633   0.9182 
8077.1941   0.9060 
8077.4248   0.9000 
8077.6556   0.8857 
8077.8865   0.8910 
8078.1172   0.9011 
8078.3481   0.9153 
8078.5788   0.9251 
8078.8096   0.9241 
8079.0405   0.9139 
8079.2713   0.9127 
8079.5022   0.9228 
8079.7330   0.9167 
8079.9638   0.9073 
8080.1948   0.8760 
8080.4256   0.7866 
8080.6565   0.7893 
8080.8873   0.8729 
8081.1182   0.9148 
8081.3492   0.8949 
8081.5800   0.8732 
8081.8110   0.8981 
8082.0418   0.9200 
8082.2728   0.9006 
8082.5037   0.8618 
8082.7347   0.8953 
8082.9655   0.9243 
8083.1965   0.9007 
8083.4275   0.9044 
8083.6583   0.9343 
8083.8894   0.9387 
8084.1203   0.9337 
8084.3514   0.8837 
8084.5823   0.8186 
8084.8133   0.8156 
8085.0443   0.6999 
8085.2753   0.6465 
8085.5064   0.8173 
8085.7373   0.9186 
8085.9684   0.9113 
8086.1994   0.8966 
8086.4304   0.9170 
8086.6615   0.9321 
8086.8925   0.9359 
8087.1237   0.9231 
8087.3546   0.9106 
8087.5857   0.9304 
8087.8168   0.9367 
8088.0478   0.9406 
8088.2790   0.9312 
8088.5100   0.9186 
8088.7412   0.9115 
8088.9723   0.9144 
8089.2034   0.8932 
8089.4345   0.8332 
8089.6656   0.8166 
8089.8967   0.8618 
8090.1279   0.8898 
8090.3591   0.8759 
8090.5902   0.8954 
8090.8213   0.9261 
8091.0525   0.9277 
8091.2838   0.9057 
8091.5148   0.9001 
8091.7462   0.9221 
8091.9773   0.9287 
8092.2085   0.9122 
8092.4398   0.8480 
8092.6709   0.7985 
8092.9021   0.8282 
8093.1333   0.8177 
8093.3647   0.7012 
8093.5959   0.7097 
8093.8271   0.8214 
8094.0584   0.8735 
8094.2895   0.9344 
8094.5209   0.9549 
8094.7521   0.9395 
8094.9835   0.9087 
8095.2147   0.9006 
8095.4460   0.9222 
8095.6773   0.9100 
8095.9087   0.8855 
8096.1399   0.9023 
8096.3713   0.8934 
8096.6026   0.8214 
8096.8339   0.7586 
8097.0652   0.8415 
8097.2966   0.9188 
8097.5279   0.9110 
8097.7594   0.9079 
8097.9907   0.9136 
8098.2222   0.9010 
8098.4534   0.8891 
8098.6849   0.8639 
8098.9162   0.8921 
8099.1477   0.9243 
8099.3790   0.9221 
8099.6105   0.8766 
8099.8420   0.7959 
8100.0732   0.7916 
8100.3047   0.8606 
8100.5361   0.9023 
8100.7676   0.9099 
8100.9992   0.9165 
8101.2305   0.9381 
8101.4620   0.9306 
8101.6935   0.9291 
8101.9250   0.9318 
8102.1565   0.9126 
8102.3879   0.8945 
8102.6194   0.9225 
8102.8511   0.9412 
8103.0823   0.9211 
8103.3140   0.9171 
8103.5457   0.9040 
8103.7769   0.8734 
8104.0086   0.8839 
8104.2402   0.9120 
8104.4716   0.9305 
8104.7033   0.9277 
8104.9348   0.9200 
8105.1664   0.9022 
8105.3980   0.8923 
8105.6295   0.8711 
8105.8613   0.8839 
8106.0925   0.9228 
8106.3244   0.9250 
8106.5559   0.9184 
8106.7877   0.9148 
8107.0190   0.9051 
8107.2509   0.8918 
8107.4824   0.9190 
8107.7143   0.9512 
8107.9456   0.9347 
8108.1775   0.8489 
8108.4090   0.8174 
8108.6409   0.8813 
8108.8725   0.9165 
8109.1040   0.9210 
8109.3359   0.9206 
8109.5674   0.9044 
8109.7993   0.8761 
8110.0310   0.8787 
8110.2625   0.9165 
8110.4944   0.9321 
8110.7261   0.9406 
8110.9578   0.9453 
8111.1897   0.9361 
8111.4216   0.9265 
8111.6528   0.9114 
8111.8848   0.8568 
8112.1167   0.7906 
8112.3484   0.8427 
8112.5801   0.9101 
8112.8120   0.9380 
8113.0440   0.9313 
8113.2759   0.9136 
8113.5071   0.9110 
8113.7390   0.9356 
8113.9709   0.9449 
8114.2029   0.8950 
8114.4348   0.8719 
8114.6667   0.8700 
8114.8982   0.8683 
8115.1301   0.9068 
8115.3621   0.9347 
8115.5940   0.9300 
8115.8259   0.9143 
8116.0579   0.9105 
8116.2898   0.8944 
8116.5217   0.7839 
8116.7537   0.6046 
8116.9856   0.7141 
8117.2175   0.8775 
8117.4495   0.9241 
8117.6814   0.9425 
8117.9133   0.9426 
8118.1453   0.9537 
8118.3772   0.9571 
8118.6091   0.9323 
8118.8411   0.9161 
8119.0730   0.9329 
8119.3049   0.9500 
8119.5369   0.9260 
8119.7688   0.8903 
8120.0007   0.8901 
8120.2327   0.9108 
8120.4646   0.9258 
8120.6970   0.9293 
8120.9290   0.9271 
8121.1609   0.9169 
8121.3928   0.9108 
8121.6248   0.9312 
8121.8567   0.9375 
8122.0894   0.9177 
8122.3213   0.9254 
8122.5532   0.9509 
8122.7852   0.9530 
8123.0174   0.9329 
8123.2495   0.9144 
8123.4815   0.9364 
8123.7134   0.9509 
8123.9459   0.9386 
8124.1780   0.9338 
8124.4099   0.9494 
8124.6421   0.9482 
8124.8743   0.9096 
8125.1062   0.9054 
8125.3386   0.9330 
8125.5708   0.9354 
8125.8027   0.9403 
8126.0351   0.9174 
8126.2671   0.8871 
8126.4993   0.9018 
8126.7317   0.9105 
8126.9637   0.9060 
8127.1960   0.9350 
8127.4280   0.9512 
8127.6606   0.9267 
8127.8926   0.9146 
8128.1249   0.9357 
8128.3569   0.9474 
8128.5894   0.9443 
8128.8215   0.9439 
8129.0539   0.9258 
8129.2859   0.8933 
8129.5185   0.9264 
8129.7506   0.9586 
8129.9829   0.9522 
8130.2151   0.9336 
8130.4475   0.8922 
8130.6798   0.8884 
8130.9120   0.8958 
8131.1445   0.8635 
8131.3768   0.7881 
8131.6089   0.8542 
8131.8416   0.9436 
8132.0737   0.9463 
8132.3059   0.9440 
8132.5386   0.9342 
8132.7708   0.8319 
8133.0031   0.6857 
8133.2356   0.7847 
8133.4679   0.9003 
8133.7004   0.9416 
8133.9327   0.9485 
8134.1650   0.9351 
8134.3976   0.9375 
8134.6299   0.9515 
8134.8623   0.9531 
8135.0948   0.9269 
8135.3272   0.9298 
8135.5597   0.9540 
8135.7921   0.9436 
8136.0246   0.9170 
8136.2570   0.9037 
8136.4894   0.9277 
8136.7220   0.9318 
8136.9543   0.9269 
8137.1870   0.9355 
8137.4194   0.9346 
8137.6519   0.9352 
8137.8844   0.9226 
8138.1170   0.9252 
8138.3495   0.9477 
8138.5820   0.9531 
8138.8145   0.9508 
8139.0471   0.9530 
8139.2796   0.9482 
8139.5122   0.9426 
8139.7447   0.9296 
8139.9773   0.9131 
8140.2098   0.9022 
8140.4425   0.9260 
8140.6749   0.9565 
8140.9077   0.9610 
8141.1402   0.9524 
8141.3729   0.9200 
8141.6055   0.8862 
8141.8381   0.9120 
8142.0706   0.9251 
8142.3033   0.9148 
8142.5360   0.9120 
8142.7685   0.8991 
8143.0013   0.9268 
8143.2339   0.9540 
8143.4666   0.9609 
8143.6992   0.9481 
8143.9319   0.9376 
8144.1647   0.9149 
8144.3973   0.7697 
8144.6300   0.7124 
8144.8628   0.8735 
8145.0954   0.9609 
8145.3282   0.9693 
8145.5609   0.9619 
8145.7937   0.9493 
8146.0264   0.9501 
8146.2591   0.9490 
8146.4919   0.9124 
8146.7246   0.8893 
8146.9574   0.9197 
8147.1901   0.9382 
8147.4229   0.9397 
8147.6558   0.9380 
8147.8885   0.9540 
8148.1213   0.9699 
8148.3542   0.9586 
8148.5869   0.9363 
8148.8198   0.9371 
8149.0525   0.9239 
8149.2855   0.9198 
8149.5183   0.9130 
8149.7511   0.8908 
8149.9839   0.8884 
8150.2169   0.9173 
8150.4497   0.9238 
8150.6826   0.9285 
8150.9154   0.9501 
8151.1484   0.9545 
8151.3813   0.9530 
8151.6141   0.9509 
8151.8470   0.9326 
8152.0799   0.9091 
8152.3129   0.8908 
8152.5458   0.8604 
8152.7787   0.8939 
8153.0117   0.9319 
8153.2445   0.9523 
8153.4775   0.9459 
8153.7105   0.9388 
8153.9435   0.9540 
8154.1765   0.9498 
8154.4095   0.9322 
8154.6424   0.9428 
8154.8754   0.9457 
8155.1084   0.9106 
8155.3415   0.8945 
8155.5744   0.9102 
8155.8075   0.9344 
8156.0405   0.9521 
8156.2736   0.9644 
8156.5066   0.9660 
8156.7396   0.9646 
8156.9727   0.9591 
8157.2057   0.9563 
8157.4387   0.9433 
8157.6719   0.9433 
8157.9049   0.9424 
8158.1380   0.9388 
8158.3711   0.9541 
8158.6042   0.9647 
8158.8373   0.9586 
8159.0704   0.9453 
8159.3036   0.9495 
8159.5366   0.9588 
8159.7698   0.9551 
8160.0029   0.9384 
8160.2361   0.9423 
8160.4692   0.9556 
8160.7024   0.8993 
8160.9356   0.7097 
8161.1687   0.6818 
8161.4019   0.8492 
8161.6352   0.9037 
8161.8683   0.9043 
8162.1015   0.8981 
8162.3347   0.8994 
8162.5679   0.9228 
8162.8011   0.9430 
8163.0344   0.9541 
8163.2676   0.9617 
8163.5008   0.9630 
8163.7341   0.9623 
8163.9673   0.9566 
8164.2006   0.9498 
8164.4338   0.9530 
8164.6672   0.9506 
8164.9004   0.9562 
8165.1337   0.9691 
8165.3670   0.9662 
8165.6003   0.9510 
8165.8337   0.9321 
8166.0669   0.9275 
8166.3002   0.9444 
8166.5335   0.9514 
8166.7669   0.9447 
8167.0001   0.9487 
8167.2335   0.9566 
8167.4670   0.9397 
8167.7002   0.9280 
8167.9336   0.9254 
8168.1670   0.9268 
8168.4004   0.9553 
8168.6338   0.9703 
8168.8672   0.9657 
8169.1005   0.9436 
8169.3340   0.9304 
8169.5674   0.9351 
8169.8008   0.9394 
8170.0342   0.9454 
8170.2677   0.9550 
8170.5011   0.9520 
8170.7346   0.9428 
8170.9681   0.9539 
8171.2015   0.9464 
8171.4350   0.9503 
8171.6685   0.9660 
8171.9019   0.9529 
8172.1354   0.9364 
8172.3688   0.9328 
8172.6024   0.9485 
8172.8359   0.9665 
8173.0694   0.9613 
8173.3028   0.9446 
8173.5365   0.9513 
8173.7699   0.9440 
8174.0035   0.9185 
8174.2371   0.9247 
8174.4706   0.9348 
8174.7041   0.9471 
8174.9378   0.9432 
8175.1712   0.9376 
8175.4048   0.9588 
8175.6385   0.9643 
8175.8721   0.9624 
8176.1056   0.9659 
8176.3392   0.9647 
8176.5728   0.9482 
8176.8065   0.9355 
8177.0401   0.9478 
8177.2737   0.9545 
8177.5074   0.9377 
8177.7411   0.9448 
8177.9747   0.9700 
8178.2083   0.9729 
8178.4420   0.9690 
8178.6757   0.9444 
8178.9093   0.8807 
8179.1431   0.8778 
8179.3767   0.9263 
8179.6105   0.9588 
8179.8441   0.9678 
8180.0778   0.9548 
8180.3116   0.9406 
8180.5453   0.9498 
8180.7791   0.9358 
8181.0127   0.9092 
8181.2465   0.9048 
8181.4803   0.9381 
8181.7141   0.9661 
8181.9478   0.9705 
8182.1816   0.9659 
8182.4153   0.9597 
8182.6491   0.9475 
8182.8829   0.8374 
8183.1168   0.5562 
8183.3506   0.5141 
8183.5843   0.7916 
8183.8182   0.9418 
8184.0520   0.9642 
8184.2858   0.9450 
8184.5196   0.9183 
8184.7536   0.9301 
8184.9874   0.9562 
8185.2213   0.9535 
8185.4551   0.9492 
8185.6890   0.9526 
8185.9228   0.9504 
8186.1568   0.9538 
8186.3906   0.9005 
8186.6245   0.7208 
8186.8584   0.7225 
8187.0923   0.8776 
8187.3262   0.9212 
8187.5602   0.9369 
8187.7941   0.9253 
8188.0281   0.8989 
8188.2621   0.9064 
8188.4960   0.9367 
8188.7300   0.9451 
8188.9640   0.9448 
8189.1979   0.9622 
8189.4319   0.9701 
8189.6659   0.9647 
8189.8998   0.9630 
8190.1338   0.9641 
8190.3678   0.9724 
8190.6018   0.9760 
8190.8359   0.9772 
8191.0699   0.9783 
8191.3039   0.9716 
8191.5380   0.9707 
8191.7720   0.9662 
8192.0060   0.9515 
8192.2402   0.9330 
8192.4742   0.9190 
8192.7082   0.9190 
8192.9424   0.9229 
8193.1766   0.9302 
8193.4104   0.9451 
8193.6445   0.9570 
8193.8788   0.9614 
8194.1130   0.9450 
8194.3469   0.8678 
8194.5810   0.6208 
8194.8153   0.4186 
8195.0494   0.6124 
8195.2835   0.8343 
8195.5176   0.8903 
8195.7520   0.9269 
8195.9861   0.9410 
8196.2201   0.8698 
8196.4542   0.7646 
8196.6885   0.7703 
8196.9228   0.8104 
8197.1571   0.8520 
8197.3911   0.8777 
8197.6253   0.8822 
8197.8594   0.8794 
8198.0938   0.8855 
8198.3281   0.8884 
8198.5625   0.8254 
8198.7966   0.6779 
8199.0309   0.7189 
8199.2649   0.8606 
8199.4992   0.8943 
8199.7334   0.9016 
8199.9678   0.8864 
8200.2022   0.8947 
8200.4365   0.8994 
8200.6709   0.8982 
8200.9053   0.8777 
8201.1395   0.8772 
8201.3738   0.8687 
8201.6081   0.7939 
8201.8424   0.7716 
8202.0768   0.8688 
8202.3111   0.9116 
8202.5455   0.9255 
8202.7797   0.8947 
8203.0141   0.8497 
8203.2485   0.8560 
8203.4828   0.8484 
8203.7173   0.8076 
8203.9518   0.7246 
8204.1861   0.7004 
8204.4205   0.7582 
8204.6550   0.6779 
8204.8895   0.5234 
8205.1239   0.6382 
8205.3584   0.8106 
8205.5928   0.8533 
8205.8272   0.8386 
8206.0615   0.8265 
8206.2959   0.8466 
8206.5303   0.8646 
8206.7648   0.8476 
8206.9994   0.8216 
8207.2339   0.8579 
8207.4686   0.8194 
8207.7030   0.7443 
8207.9375   0.7697 
8208.1719   0.8366 
8208.4064   0.8610 
8208.6409   0.8294 
8208.8755   0.8522 
8209.1102   0.8905 
8209.3447   0.8589 
8209.5791   0.8404 
8209.8137   0.8397 
8210.0484   0.8409 
8210.2829   0.8944 
8210.5176   0.9014 
8210.7520   0.8434 
8210.9865   0.8503 
8211.2213   0.8847 
8211.4560   0.8601 
8211.6904   0.8519 
8211.9250   0.8825 
8212.1597   0.8558 
8212.3945   0.7045 
8212.6289   0.6366 
8212.8636   0.7188 
8213.0983   0.7462 
8213.3330   0.8405 
8213.5675   0.8993 
8213.8024   0.8696 
8214.0371   0.8240 
8214.2716   0.8501 
8214.5064   0.9039 
8214.7412   0.8927 
8214.9756   0.8228 
8215.2105   0.8059 
8215.4453   0.8681 
8215.6799   0.9112 
8215.9147   0.8781 
8216.1494   0.8759 
8216.3842   0.8834 
8216.6190   0.8572 
8216.8536   0.8379 
8217.0886   0.8032 
8217.3232   0.8207 
8217.5580   0.8671 
8217.7930   0.8454 
8218.0275   0.8525 
8218.2625   0.9029 
8218.4972   0.9007 
8218.7321   0.8742 
8218.9668   0.8299 
8219.2018   0.8446 
8219.4365   0.8935 
8219.6714   0.8949 
8219.9062   0.8726 
8220.1410   0.7099 
8220.3760   0.5970 
8220.6108   0.7684 
8220.8457   0.9069 
8221.0808   0.8998 
8221.3154   0.8394 
8221.5504   0.8233 
8221.7853   0.8311 
8222.0204   0.8790 
8222.2550   0.8862 
8222.4901   0.8465 
8222.7249   0.8495 
8222.9600   0.8631 
8223.1950   0.8720 
8223.4299   0.8850 
8223.6649   0.8669 
8223.8996   0.8723 
8224.1347   0.8888 
8224.3695   0.8863 
8224.6045   0.8670 
8224.8396   0.8440 
8225.0746   0.8638 
8225.3098   0.9180 
8225.5448   0.9342 
8225.7798   0.8987 
8226.0148   0.8435 
8226.2498   0.8307 
8226.4847   0.8934 
8226.7197   0.9490 
8226.9551   0.9522 
8227.1900   0.9117 
8227.4249   0.8302 
8227.6602   0.7929 
8227.8953   0.8707 
8228.1302   0.9308 
8228.3653   0.9231 
8228.6006   0.9090 
8228.8355   0.8444 
8229.0708   0.8057 
8229.3058   0.8589 
8229.5408   0.9212 
8229.7762   0.9519 
8230.0111   0.9425 
8230.2463   0.8717 
8230.4815   0.8027 
8230.7167   0.8346 
8230.9519   0.9072 
8231.1869   0.9447 
8231.4221   0.9296 
8231.6574   0.8556 
8231.8926   0.7994 
8232.1278   0.7487 
8232.3630   0.7657 
8232.5981   0.8813 
8232.8333   0.9285 
8233.0685   0.9062 
8233.3037   0.8671 
8233.5391   0.8750 
8233.7742   0.8781 
8234.0096   0.8908 
8234.2448   0.9121 
8234.4801   0.8932 
8234.7153   0.8672 
8234.9506   0.8795 
8235.1859   0.9123 
8235.4212   0.9097 
8235.6565   0.9078 
8235.8919   0.9014 
8236.1272   0.8749 
8236.3625   0.8623 
8236.5979   0.8941 
8236.8332   0.9272 
8237.0684   0.8951 
8237.3038   0.8446 
8237.5392   0.8615 
8237.7746   0.8627 
8238.0099   0.8667 
8238.2452   0.9149 
8238.4808   0.9495 
8238.7161   0.9170 
8238.9515   0.7498 
8239.1869   0.6671 
8239.4224   0.8015 
8239.6576   0.8621 
8239.8931   0.9055 
8240.1286   0.9317 
8240.3640   0.9268 
8240.5995   0.9224 
8240.8348   0.8932 
8241.0704   0.8720 
8241.3059   0.7886 
8241.5412   0.6667 
8241.7768   0.7674 
8242.0122   0.8966 
8242.2478   0.9299 
8242.4832   0.9205 
8242.7188   0.8748 
8242.9542   0.8669 
8243.1897   0.8853 
8243.4253   0.9043 
8243.6607   0.8913 
8243.8963   0.8814 
8244.1318   0.9064 
8244.3675   0.8977 
8244.6030   0.8504 
8244.8385   0.8742 
8245.0740   0.9211 
8245.3098   0.9341 
8245.5453   0.9419 
8245.7808   0.9408 
8246.0164   0.9241 
8246.2522   0.8868 
8246.4877   0.8454 
8246.7232   0.8530 
8246.9588   0.8936 
8247.1946   0.8905 
8247.4302   0.8962 
8247.6657   0.9191 
8247.9016   0.8647 
8248.1371   0.7670 
8248.3729   0.8024 
8248.6084   0.8783 
8248.8442   0.9186 
8249.0798   0.9231 
8249.3155   0.9279 
8249.5513   0.9367 
8249.7869   0.9356 
8250.0227   0.9114 
8250.2583   0.8724 
8250.4940   0.8484 
8250.7299   0.8491 
8250.9656   0.8664 
8251.2013   0.8942 
8251.4370   0.9039 
8251.6728   0.8976 
8251.9086   0.8711 
8252.1442   0.8457 
8252.3802   0.8421 
8252.6159   0.8772 
8252.8517   0.9128 
8253.0874   0.9149 
8253.3233   0.7936 
8253.5591   0.6840 
8253.7949   0.7876 
8254.0308   0.8630 
8254.2665   0.8615 
8254.5024   0.8699 
8254.7383   0.9103 
8254.9741   0.9351 
8255.2100   0.9395 
8255.4458   0.9123 
8255.6817   0.7905 
8255.9176   0.6752 
8256.1535   0.7716 
8256.3895   0.8266 
8256.6252   0.8239 
8256.8611   0.8737 
8257.0971   0.9163 
8257.3330   0.9191 
8257.5690   0.9056 
8257.8049   0.8980 
8258.0408   0.8903 
8258.2769   0.8714 
8258.5127   0.8694 
8258.7487   0.8759 
8258.9847   0.9084 
8259.2207   0.9362 
8259.4568   0.9438 
8259.6927   0.9280 
8259.9287   0.8906 
8260.1647   0.8875 
8260.4007   0.9003 
8260.6367   0.9057 
8260.8728   0.8986 
8261.1087   0.9165 
8261.3447   0.9355 
8261.5808   0.9327 
8261.8168   0.9017 
8262.0529   0.8660 
8262.2889   0.8734 
8262.5249   0.9015 
8262.7611   0.9277 
8262.9971   0.9076 
8263.2331   0.9016 
8263.4693   0.9216 
8263.7054   0.8960 
8263.9416   0.8687 
8264.1776   0.8735 
8264.4137   0.8784 
8264.6499   0.9045 
8264.8859   0.9315 
8265.1221   0.9169 
8265.3584   0.9062 
8265.5945   0.9181 
8265.8306   0.9159 
8266.0668   0.8846 
8266.3029   0.8400 
8266.5393   0.8458 
8266.7754   0.8768 
8267.0115   0.9020 
8267.2478   0.9003 
8267.4840   0.8866 
8267.7201   0.8734 
8267.9563   0.8727 
8268.1926   0.9038 
8268.4290   0.8851 
8268.6651   0.7948 
8268.9013   0.7446 
8269.1376   0.7915 
8269.3739   0.8325 
8269.6100   0.8308 
8269.8465   0.8199 
8270.0827   0.8153 
8270.3190   0.8511 
8270.5553   0.8660 
8270.7916   0.8413 
8271.0279   0.8302 
8271.2643   0.8373 
8271.5006   0.8667 
8271.7369   0.8840 
8271.9731   0.8621 
8272.2096   0.8338 
8272.4460   0.8465 
8272.6822   0.8986 
8272.9187   0.8845 
8273.1550   0.8592 
8273.3915   0.8395 
8273.6277   0.8476 
8273.8643   0.8781 
8274.1005   0.8542 
8274.3370   0.8592 
8274.5733   0.8737 
8274.8098   0.8574 
8275.0462   0.8918 
8275.2826   0.9018 
8275.5192   0.8640 
8275.7555   0.8231 
8275.9920   0.7938 
8276.2285   0.8239 
8276.4649   0.8512 
8276.7015   0.8310 
8276.9379   0.7980 
8277.1744   0.8164 
8277.4109   0.8639 
8277.6473   0.8546 
8277.8839   0.8156 
8278.1203   0.8204 
8278.3568   0.8334 
8278.5935   0.8365 
8278.8301   0.8376 
8279.0665   0.8635 
8279.3030   0.8641 
8279.5396   0.8395 
8279.7762   0.8436 
8280.0128   0.8351 
8280.2493   0.8256 
8280.4859   0.8162 
8280.7225   0.8342 
8280.9591   0.8838 
8281.1956   0.8652 
8281.4323   0.8504 
8281.6689   0.8652 
8281.9055   0.8394 
8282.1421   0.8218 
8282.3787   0.7975 
8282.6154   0.7904 
8282.8520   0.8489 
8283.0888   0.8622 
8283.3254   0.8206 
8283.5622   0.8218 
8283.7988   0.8368 
8284.0354   0.8495 
8284.2722   0.8506 
8284.5088   0.8416 
8284.7455   0.8330 
8284.9823   0.8094 
8285.2190   0.8339 
8285.4557   0.8529 
8285.6924   0.8107 
8285.9292   0.8332 
8286.1659   0.8966 
8286.4026   0.9041 
8286.6395   0.8514 
8286.8762   0.8464 
8287.1130   0.8689 
8287.3497   0.8422 
8287.5864   0.7978 
8287.8233   0.8007 
8288.0601   0.8356 
8288.2970   0.8709 
8288.5337   0.8852 
8288.7706   0.8580 
8289.0073   0.8000 
8289.2442   0.7814 
8289.4810   0.8026 
8289.7179   0.8165 
8289.9548   0.8309 
8290.1916   0.8208 
8290.4284   0.7947 
8290.6653   0.7862 
8290.9021   0.8476 
8291.1392   0.9060 
8291.3760   0.8994 
8291.6129   0.8410 
8291.8498   0.8054 
8292.0868   0.8462 
8292.3235   0.8909 
8292.5606   0.8878 
8292.7975   0.8119 
8293.0344   0.7860 
8293.2714   0.7703 
8293.5084   0.6991 
8293.7452   0.7902 
8293.9822   0.8411 
8294.2192   0.8528 
8294.4562   0.8555 
8294.6931   0.8661 
8294.9302   0.8690 
8295.1673   0.8246 
8295.4041   0.7993 
8295.6413   0.8280 
8295.8782   0.8441 
8296.1152   0.8454 
8296.3524   0.8310 
8296.5894   0.8185 
8296.8263   0.8187 
8297.0635   0.8262 
8297.3005   0.8387 
8297.5375   0.8526 
8297.7747   0.8178 
8298.0117   0.7989 
8298.2488   0.8096 
8298.4858   0.8228 
8298.7230   0.8136 
8298.9601   0.7920 
8299.1973   0.8191 
8299.4343   0.8752 
8299.6715   0.8935 
8299.9086   0.8792 
8300.1458   0.8532 
8300.3829   0.8196 
8300.6201   0.8312 
8300.8573   0.8495 
8301.0944   0.8600 
8301.3316   0.8476 
8301.5688   0.8045 
8301.8060   0.7726 
8302.0431   0.8131 
8302.2803   0.8492 
8302.5177   0.8627 
8302.7548   0.8567 
8302.9920   0.7726 
8303.2293   0.7218 
8303.4664   0.7776 
8303.7038   0.8306 
8303.9410   0.8647 
8304.1782   0.8506 
8304.4154   0.8401 
8304.6528   0.8252 
8304.8901   0.8275 
8305.1272   0.8432 
8305.3647   0.8529 
8305.6020   0.8391 
8305.8392   0.7217 
8306.0767   0.6456 
8306.3139   0.7239 
8306.5512   0.7794 
8306.7885   0.8011 
8307.0259   0.7703 
8307.2633   0.5603 
8307.5006   0.4481 
8307.7379   0.6222 
8307.9754   0.8273 
8308.2127   0.8813 
8308.4500   0.8666 
8308.6874   0.8851 
8308.9248   0.9010 
8309.1622   0.8461 
8309.3996   0.7906 
8309.6371   0.8211 
8309.8744   0.8332 
8310.1118   0.8116 
8310.3494   0.8281 
8310.5868   0.8358 
8310.8242   0.6677 
8311.0617   0.5851 
8311.2991   0.7595 
8311.5366   0.8553 
8311.7740   0.8589 
8312.0115   0.8536 
8312.2490   0.8249 
8312.4866   0.8118 
8312.7240   0.8057 
8312.9616   0.8170 
8313.1991   0.8520 
8313.4366   0.8619 
8313.6741   0.8638 
8313.9116   0.8729 
8314.1492   0.8684 
8314.3868   0.8402 
8314.6244   0.8506 
8314.8618   0.8661 
8315.0994   0.8786 
8315.3370   0.8608 
8315.5747   0.8251 
8315.8121   0.8119 
8316.0498   0.8087 
8316.2875   0.8413 
8316.5250   0.8801 
8316.7626   0.9031 
8317.0004   0.9245 
8317.2379   0.9023 
8317.4755   0.8514 
8317.7133   0.8187 
8317.9508   0.8246 
8318.1885   0.8474 
8318.4263   0.8789 
8318.6637   0.8968 
8318.9016   0.8663 
8319.1392   0.8540 
8319.3769   0.8425 
8319.6146   0.8261 
8319.8521   0.8458 
8320.0901   0.8549 
8320.3276   0.8524 
8320.5655   0.8713 
8320.8031   0.8820 
8321.0410   0.8774 
8321.2786   0.8198 
8321.5165   0.7635 
8321.7542   0.7969 
8321.9919   0.8527 
8322.2299   0.9096 
8322.4674   0.9365 
8322.7055   0.9090 
8322.9430   0.8729 
8323.1809   0.8321 
8323.4189   0.8037 
8323.6564   0.8417 
8323.8944   0.8991 
8324.1322   0.8859 
8324.3698   0.8690 
8324.6079   0.8977 
8324.8458   0.8954 
8325.0834   0.8513 
8325.3214   0.8130 
8325.5595   0.8148 
8325.7972   0.8581 
8326.0349   0.8632 
8326.2730   0.8658 
8326.5110   0.8567 
8326.7487   0.7027 
8326.9864   0.4514 
8327.2245   0.5296 
8327.4625   0.7376 
8327.7006   0.8261 
8327.9386   0.8765 
8328.1761   0.8742 
8328.4141   0.8691 
8328.6521   0.9011 
8328.8901   0.9202 
8329.1282   0.8950 
8329.3662   0.8824 
8329.6042   0.8534 
8329.8423   0.8440 
8330.0804   0.8788 
8330.3184   0.9034 
8330.5564   0.8993 
8330.7943   0.9088 
8331.0318   0.8774 
8331.2699   0.8064 
8331.5079   0.7585 
8331.7462   0.7278 
8331.9847   0.7635 
8332.2226   0.8816 
8332.4607   0.9353 
8332.6987   0.9238 
8332.9368   0.8905 
8333.1748   0.8538 
8333.4128   0.8436 
8333.6509   0.8539 
8333.8890   0.8475 
8334.1270   0.7103 
8334.3649   0.5595 
8334.6035   0.6892 
8334.8417   0.8118 
8335.0797   0.8595 
8335.3178   0.8509 
8335.5558   0.8461 
8335.7939   0.8600 
8336.0325   0.8734 
8336.2705   0.8743 
8336.5085   0.8675 
8336.7466   0.8838 
8336.9853   0.8889 
8337.2232   0.8738 
8337.4613   0.8388 
8337.6996   0.8210 
8337.9380   0.8065 
8338.1761   0.8298 
8338.4142   0.8568 
8338.6527   0.8510 
8338.8907   0.8571 
8339.1291   0.8551 
8339.3675   0.8347 
8339.6055   0.8611 
8339.8439   0.8601 
8340.0821   0.8568 
8340.3204   0.8482 
8340.5589   0.8630 
8340.7969   0.8724 
8341.0355   0.8630 
8341.2735   0.8667 
8341.5121   0.8797 
8341.7503   0.8763 
8341.9888   0.7977 
8342.2270   0.7024 
8342.4654   0.7247 
8342.7036   0.7725 
8342.9423   0.7953 
8343.1805   0.7966 
8343.4190   0.8012 
8343.6572   0.8270 
8343.8956   0.8429 
8344.1341   0.8372 
8344.3725   0.8159 
8344.6109   0.8008 
8344.8493   0.8026 
8345.0876   0.8213 
8345.3263   0.8472 
8345.5645   0.8374 
8345.8030   0.8093 
8346.0415   0.7910 
8346.2800   0.8282 
8346.5184   0.8638 
8346.7569   0.8447 
8346.9954   0.8248 
8347.2339   0.8104 
8347.4723   0.8368 
8347.7109   0.8695 
8347.9494   0.8245 
8348.1878   0.7066 
8348.4264   0.7280 
8348.6649   0.7208 
8348.9035   0.5636 
8349.1420   0.6198 
8349.3806   0.7921 
8349.6192   0.8366 
8349.8576   0.8506 
8350.0963   0.8563 
8350.3349   0.8417 
8350.5735   0.8052 
8350.8120   0.7938 
8351.0507   0.8382 
8351.2893   0.8452 
8351.5278   0.8308 
8351.7665   0.8431 
8352.0051   0.8347 
8352.2437   0.8278 
8352.4823   0.8253 
8352.7210   0.8192 
8352.9597   0.6766 
8353.1983   0.5840 
8353.4369   0.7491 
8353.6757   0.8286 
8353.9143   0.8342 
8354.1530   0.8367 
8354.3917   0.8038 
8354.6304   0.8035 
8354.8691   0.8372 
8355.1079   0.8479 
8355.3466   0.8492 
8355.5853   0.8429 
8355.8240   0.8525 
8356.0627   0.8597 
8356.3015   0.8327 
8356.5402   0.8128 
8356.7791   0.8476 
8357.0178   0.8448 
8357.2566   0.8322 
8357.4953   0.8636 
8357.7341   0.8778 
8357.9729   0.8570 
8358.2117   0.7906 
8358.4505   0.6902 
8358.6893   0.7263 
8358.9282   0.8226 
8359.1670   0.8729 
8359.4059   0.8503 
8359.6447   0.8333 
8359.8836   0.8758 
8360.1224   0.9032 
8360.3612   0.8678 
8360.6001   0.8100 
8360.8390   0.8109 
8361.0779   0.8606 
8361.3167   0.8571 
8361.5557   0.8082 
8361.7946   0.7529 
8362.0335   0.7589 
8362.2724   0.8284 
8362.5113   0.8446 
8362.7502   0.8805 
8362.9892   0.8838 
8363.2282   0.8390 
8363.4671   0.7330 
8363.7061   0.6906 
8363.9450   0.6018 
8364.1840   0.4799 
8364.4230   0.6729 
8364.6619   0.8022 
8364.9010   0.8393 
8365.1398   0.8669 
8365.3790   0.7883 
8365.6179   0.6630 
8365.8570   0.7389 
8366.0961   0.8517 
8366.3350   0.8835 
8366.5741   0.8599 
8366.8132   0.8291 
8367.0521   0.8411 
8367.2912   0.8562 
8367.5305   0.8722 
8367.7693   0.8883 
8368.0085   0.8686 
8368.2476   0.8754 
8368.4866   0.8952 
8368.7258   0.8861 
8368.9649   0.8601 
8369.2040   0.8220 
8369.4432   0.8120 
8369.6822   0.8286 
8369.9214   0.8163 
8370.1605   0.7644 
8370.3997   0.7808 
8370.6389   0.8446 
8370.8780   0.8869 
8371.1172   0.8803 
8371.3564   0.8584 
8371.5955   0.8550 
8371.8348   0.8357 
8372.0739   0.8501 
8372.3132   0.8632 
8372.5523   0.8441 
8372.7916   0.7893 
8373.0309   0.7807 
8373.2701   0.8150 
8373.5092   0.8528 
8373.7484   0.8598 
8373.9877   0.8397 
8374.2270   0.8337 
8374.4662   0.8289 
8374.7056   0.8263 
8374.9449   0.8451 
8375.1842   0.8543 
8375.4234   0.8593 
8375.6628   0.8592 
8375.9021   0.8493 
8376.1413   0.8645 
8376.3807   0.8592 
8376.6200   0.8552 
8376.8593   0.8434 
8377.0987   0.8078 
8377.3381   0.7522 
8377.5774   0.6059 
8377.8167   0.4400 
8378.0562   0.6279 
8378.2956   0.8349 
8378.5349   0.8632 
8378.7742   0.8477 
8379.0136   0.8440 
8379.2531   0.8496 
8379.4925   0.8823 
8379.7318   0.8956 
8379.9713   0.8809 
8380.2108   0.8853 
8380.4502   0.8517 
8380.6895   0.8144 
8380.9291   0.8343 
8381.1686   0.8761 
8381.4080   0.8789 
8381.6475   0.8769 
8381.8870   0.8174 
8382.1264   0.5751 
8382.3660   0.3195 
8382.6054   0.2544 
8382.8450   0.4840 
8383.0845   0.7551 
8383.3239   0.8271 
8383.5635   0.8087 
8383.8030   0.8196 
8384.0427   0.8464 
8384.2821   0.8593 
8384.5217   0.8606 
8384.7612   0.8602 
8385.0009   0.8664 
8385.2404   0.8590 
8385.4800   0.8769 
8385.7195   0.8846 
8385.9591   0.8287 
8386.1987   0.7357 
8386.4383   0.7414 
8386.6780   0.7752 
8386.9177   0.7837 
8387.1572   0.7675 
8387.3969   0.6877 
8387.6364   0.4724 
8387.8761   0.4465 
8388.1157   0.6850 
8388.3555   0.8187 
8388.5952   0.8303 
8388.8349   0.8304 
8389.0745   0.8252 
8389.3142   0.7240 
8389.5540   0.6658 
8389.7937   0.7716 
8390.0334   0.8389 
8390.2732   0.8575 
8390.5128   0.8378 
8390.7524   0.8430 
8390.9922   0.8506 
8391.2319   0.8706 
8391.4717   0.8738 
8391.7113   0.8461 
8391.9513   0.8500 
8392.1910   0.8698 
8392.4309   0.8556 
8392.6706   0.8442 
8392.9103   0.8852 
8393.1502   0.8836 
8393.3901   0.8740 
8393.6298   0.8798 
8393.8695   0.8628 
8394.1095   0.8545 
8394.3493   0.8607 
8394.5892   0.8661 
8394.8290   0.8844 
8395.0688   0.8862 
8395.3087   0.8920 
8395.5486   0.8841 
8395.7884   0.8362 
8396.0283   0.8450 
8396.2682   0.8306 
8396.5081   0.6811 
8396.7480   0.4548 
8396.9878   0.5261 
8397.2279   0.7720 
8397.4677   0.8873 
8397.7077   0.8689 
8397.9477   0.8358 
8398.1876   0.8504 
8398.4276   0.8647 
8398.6675   0.8564 
8398.9075   0.8415 
8399.1474   0.8736 
8399.3874   0.8967 
8399.6273   0.8692 
8399.8675   0.8379 
8400.1074   0.8469 
8400.3473   0.8793 
8400.5874   0.8926 
8400.8274   0.8663 
8401.0674   0.8197 
8401.3074   0.7182 
8401.5476   0.7285 
8401.7876   0.8171 
8402.0277   0.8149 
8402.2677   0.7941 
8402.5078   0.7976 
8402.7479   0.8239 
8402.9880   0.8633 
8403.2280   0.9083 
8403.4682   0.8949 
8403.7081   0.8858 
8403.9482   0.8734 
8404.1885   0.8634 
8404.4286   0.8666 
8404.6686   0.8698 
8404.9088   0.8656 
8405.1489   0.8696 
8405.3891   0.8671 
8405.6294   0.8814 
8405.8693   0.8707 
8406.1097   0.8435 
8406.3497   0.8509 
8406.5899   0.8811 
8406.8301   0.8922 
8407.0704   0.8722 
8407.3105   0.8771 
8407.5507   0.9035 
8407.7910   0.9151 
8408.0313   0.8936 
8408.2714   0.8712 
8408.5117   0.8356 
8408.7519   0.8197 
8408.9922   0.8604 
8409.2324   0.8801 
8409.4728   0.8820 
8409.7129   0.8987 
8409.9532   0.9068 
8410.1935   0.8917 
8410.4339   0.8860 
8410.6740   0.9028 
8410.9145   0.8828 
8411.1548   0.8546 
8411.3951   0.8595 
8411.6355   0.8748 
8411.8757   0.8228 
8412.1160   0.5860 
8412.3563   0.4651 
8412.5968   0.6991 
8412.8371   0.8548 
8413.0775   0.8584 
8413.3179   0.8452 
8413.5583   0.8545 
8413.7987   0.8155 
8414.0391   0.7580 
8414.2794   0.8399 
8414.5198   0.9029 
8414.7602   0.9021 
8415.0007   0.8941 
8415.2411   0.8599 
8415.4815   0.8554 
8415.7222   0.8859 
8415.9625   0.8689 
8416.2029   0.8511 
8416.4433   0.8607 
8416.6839   0.8227 
8416.9243   0.6743 
8417.1648   0.6667 
8417.4054   0.6921 
8417.6460   0.7434 
8417.8863   0.8136 
8418.1268   0.8485 
8418.3675   0.8600 
8418.6079   0.8568 
8418.8485   0.8559 
8419.0890   0.8703 
8419.3295   0.8254 
8419.5702   0.7808 
8419.8106   0.7896 
8420.0512   0.8305 
8420.2918   0.8549 
8420.5324   0.8362 
8420.7729   0.8550 
8421.0136   0.8737 
8421.2542   0.8617 
8421.4948   0.8640 
8421.7354   0.8554 
8421.9760   0.8499 
8422.2167   0.8376 
8422.4573   0.8391 
8422.6979   0.8070 
8422.9387   0.6795 
8423.1792   0.7088 
8423.4199   0.8441 
8423.6605   0.8788 
8423.9013   0.8448 
8424.1421   0.7345 
8424.3826   0.6818 
8424.6234   0.7850 
8424.8641   0.8428 
8425.1047   0.8710 
8425.3455   0.8437 
8425.5862   0.7776 
8425.8270   0.6709 
8426.0677   0.6631 
8426.3085   0.5317 
8426.5492   0.4437 
8426.7899   0.6694 
8427.0309   0.8036 
8427.2715   0.8435 
8427.5123   0.8637 
8427.7531   0.8769 
8427.9939   0.8622 
8428.2346   0.8451 
8428.4755   0.8698 
8428.7163   0.8785 
8428.9571   0.8507 
8429.1979   0.8324 
8429.4389   0.8528 
8429.6796   0.8494 
8429.9205   0.8093 
8430.1613   0.8182 
8430.4022   0.8608 
8430.6431   0.8745 
8430.8840   0.8629 
8431.1249   0.8708 
8431.3657   0.8798 
8431.6066   0.8660 
8431.8476   0.8544 
8432.0884   0.8545 
8432.3295   0.8413 
8432.5702   0.8669 
8432.8113   0.8771 
8433.0522   0.8154 
8433.2932   0.7584 
8433.5341   0.7189 
8433.7751   0.6810 
8434.0159   0.7236 
8434.2570   0.7495 
8434.4980   0.6785 
8434.7389   0.4523 
8434.9800   0.4046 
8435.2210   0.5936 
8435.4619   0.4816 
8435.7029   0.4282 
8435.9439   0.6800 
8436.1851   0.8077 
8436.4262   0.8130 
8436.6672   0.8071 
8436.9082   0.8168 
8437.1491   0.8258 
8437.3901   0.8314 
8437.6313   0.8186 
8437.8724   0.8107 
8438.1134   0.8481 
8438.3546   0.8771 
8438.5956   0.7835 
8438.8368   0.6270 
8439.0778   0.6798 
8439.3188   0.7466 
8439.5603   0.6973 
8439.8014   0.7587 
8440.0425   0.8441 
8440.2836   0.8417 
8440.5246   0.8347 
8440.7661   0.8374 
8441.0071   0.8321 
8441.2481   0.8534 
8441.4894   0.8439 
8441.7307   0.8309 
8441.9719   0.8321 
8442.2130   0.7806 
8442.4542   0.7209 
8442.6954   0.7539 
8442.9367   0.7585 
8443.1779   0.7346 
8443.4191   0.7317 
8443.6603   0.7533 
8443.9018   0.7777 
8444.1428   0.7850 
8444.3843   0.7579 
8444.6253   0.7519 
8444.8667   0.7806 
8445.1081   0.7947 
8445.3491   0.8099 
8445.5906   0.8134 
8445.8318   0.7879 
8446.0732   0.7672 
8446.3145   0.7548 
8446.5558   0.7667 
8446.7973   0.7984 
8447.0385   0.8038 
8447.2799   0.7847 
8447.5212   0.7594 
8447.7627   0.7357 
8448.0040   0.7857 
8448.2452   0.8104 
8448.4867   0.7966 
8448.7280   0.8020 
8448.9695   0.8310 
8449.2108   0.8521 
8449.4525   0.8398 
8449.6936   0.8097 
8449.9352   0.7463 
8450.1766   0.6762 
8450.4180   0.7006 
8450.6595   0.6651 
8450.9009   0.6202 
8451.1424   0.7435 
8451.3838   0.7859 
8451.6254   0.7473 
8451.8667   0.7168 
8452.1084   0.7374 
8452.3498   0.7472 
8452.5911   0.7304 
8452.8328   0.7126 
8453.0742   0.7043 
8453.3159   0.7195 
8453.5572   0.7445 
8453.7988   0.7622 
8454.0403   0.7686 
8454.2819   0.7718 
8454.5234   0.7718 
8454.7651   0.7672 
8455.0065   0.7414 
8455.2483   0.6816 
8455.4896   0.7152 
8455.7314   0.7647 
8455.9729   0.7602 
8456.2145   0.7602 
8456.4561   0.7633 
8456.6979   0.7320 
8456.9395   0.6524 
8457.1810   0.6032 
8457.4227   0.6826 
8457.6643   0.7202 
8457.9061   0.7367 
8458.1476   0.7664 
8458.3894   0.7742 
8458.6309   0.7829 
8458.8727   0.7795 
8459.1143   0.7743 
8459.3561   0.7517 
8459.5977   0.7332 
8459.8395   0.7639 
8460.0811   0.7631 
8460.3229   0.7595 
8460.5645   0.7814 
8460.8065   0.7963 
8461.0480   0.8082 
8461.2899   0.8013 
8461.5315   0.8016 
8461.7733   0.8272 
8462.0150   0.8093 
8462.2569   0.7980 
8462.4986   0.7743 
8462.7404   0.7531 
8462.9823   0.7767 
8463.2239   0.7894 
8463.4660   0.7463 
8463.7075   0.7361 
8463.9496   0.7734 
8464.1913   0.7808 
8464.4332   0.7355 
8464.6750   0.6785 
8464.9168   0.7248 
8465.1586   0.7486 
8465.4007   0.7355 
8465.6424   0.7477 
8465.8844   0.7696 
8466.1262   0.7657 
8466.3682   0.7591 
8466.6100   0.7539 
8466.8517   0.7212 
8467.0939   0.6219 
8467.3355   0.6829 
8467.5777   0.7681 
8467.8195   0.7749 
8468.0616   0.6685 
8468.3033   0.4718 
8468.5455   0.4787 
8468.7874   0.6620 
8469.0293   0.7780 
8469.2714   0.8031 
8469.5132   0.7769 
8469.7554   0.7413 
8469.9973   0.7554 
8470.2394   0.8151 
8470.4812   0.7914 
8470.7234   0.7639 
8470.9653   0.7731 
8471.2073   0.7961 
8471.4494   0.7907 
8471.6914   0.7213 
8471.9336   0.6827 
8472.1756   0.6986 
8472.4177   0.7320 
8472.6597   0.7566 
8472.9016   0.7701 
8473.1440   0.7751 
8473.3859   0.7772 
8473.6282   0.7851 
8473.8701   0.7714 
8474.1123   0.7745 
8474.3545   0.7900 
8474.5964   0.7751 
8474.8387   0.7405 
8475.0807   0.7515 
8475.3232   0.8182 
8475.5651   0.8181 
8475.8071   0.7636 
8476.0495   0.7484 
8476.2916   0.7420 
8476.5339   0.7497 
8476.7761   0.7886 
8477.0181   0.8285 
8477.2606   0.8057 
8477.5025   0.7753 
8477.7450   0.7889 
8477.9870   0.7974 
8478.2292   0.7866 
8478.4716   0.7459 
8478.7137   0.7755 
8478.9560   0.8311 
8479.1983   0.8026 
8479.4404   0.7704 
8479.6829   0.7864 
8479.9251   0.7962 
8480.1673   0.7975 
8480.4098   0.7706 
8480.6520   0.7777 
8480.8944   0.7958 
8481.1366   0.7795 
8481.3788   0.7709 
8481.6213   0.7710 
8481.8636   0.7420 
8482.1059   0.7386 
8482.3483   0.7652 
8482.5906   0.7806 
8482.8330   0.7679 
8483.0754   0.7064 
8483.3177   0.7177 
8483.5604   0.7722 
8483.8026   0.8246 
8484.0448   0.8588 
8484.2875   0.8263 
8484.5297   0.7586 
8484.7721   0.7421 
8485.0147   0.7578 
8485.2570   0.7978 
8485.4992   0.8137 
8485.7420   0.8028 
8485.9844   0.8082 
8486.2267   0.8038 
8486.4693   0.8161 
8486.7117   0.8086 
8486.9542   0.8039 
8487.1968   0.8078 
8487.4392   0.7995 
8487.6817   0.7896 
8487.9243   0.7730 
8488.1667   0.7682 
8488.4092   0.8014 
8488.6519   0.8296 
8488.8942   0.8028 
8489.1368   0.7675 
8489.3795   0.7892 
8489.6220   0.8117 
8489.8645   0.8233 
8490.1072   0.8388 
8490.3497   0.8224 
8490.5921   0.7890 
8490.8350   0.8201 
8491.0774   0.8265 
8491.3200   0.7871 
8491.5628   0.7762 
8491.8054   0.8000 
8492.0478   0.7931 
8492.2907   0.8100 
8492.5331   0.8231 
8492.7757   0.7405 
8493.0185   0.7019 
8493.2612   0.7542 
8493.5038   0.7686 
8493.7464   0.7769 
8493.9893   0.7860 
8494.2318   0.7078 
8494.4744   0.6576 
8494.7174   0.7590 
8494.9599   0.7920 
8495.2026   0.7913 
8495.4454   0.7805 
8495.6883   0.7235 
8495.9309   0.6415 
8496.1735   0.6096 
8496.4165   0.7016 
8496.6591   0.7166 
8496.9019   0.6956 
8497.1446   0.6625 
8497.3876   0.5811 
8497.6302   0.4568 
8497.8729   0.2971 
8498.1159   0.2618 
8498.3586   0.3950 
8498.6015   0.5331 
8498.8441   0.6429 
8499.0872   0.6904 
8499.3299   0.7073 
8499.5726   0.7153 
8499.8155   0.7149 
8500.0587   0.7543 
8500.3014   0.7782 
8500.5439   0.7964 
8500.7871   0.8084 
8501.0301   0.8018 
8501.2728   0.7836 
8501.5155   0.7544 
8501.7587   0.7556 
8502.0018   0.7723 
8502.2445   0.7808 
8502.4872   0.7330 
8502.7304   0.6836 
8502.9734   0.7623 
8503.2162   0.7989 
8503.4590   0.7936 
8503.7022   0.8021 
8503.9453   0.8071 
8504.1880   0.8111 
8504.4309   0.7946 
8504.6740   0.7778 
8504.9172   0.7461 
8505.1600   0.7594 
8505.4031   0.7871 
8505.6460   0.7758 
8505.8892   0.7890 
8506.1320   0.8177 
8506.3752   0.8068 
8506.6180   0.7831 
8506.8612   0.7585 
8507.1045   0.7357 
8507.3473   0.7273 
8507.5903   0.7649 
8507.8335   0.8232 
8508.0767   0.8504 
8508.3196   0.8128 
8508.5629   0.7638 
8508.8057   0.7643 
8509.0490   0.7552 
8509.2924   0.7597 
8509.5351   0.7822 
8509.7785   0.8171 
8510.0213   0.8251 
8510.2647   0.7984 
8510.5080   0.7849 
8510.7509   0.7847 
8510.9942   0.7942 
8511.2370   0.7875 
8511.4805   0.7870 
8511.7239   0.7936 
8511.9667   0.7997 
8512.2102   0.7762 
8512.4530   0.7909 
8512.6965   0.8186 
8512.9399   0.8173 
8513.1829   0.8093 
8513.4263   0.8104 
8513.6693   0.7571 
8513.9126   0.5678 
8514.1559   0.5012 
8514.3994   0.6871 
8514.6423   0.7661 
8514.8859   0.6856 
8515.1288   0.5869 
8515.3724   0.6982 
8515.6157   0.7773 
8515.8592   0.7882 
8516.1020   0.8149 
8516.3457   0.7908 
8516.5886   0.7634 
8516.8323   0.7646 
8517.0757   0.7781 
8517.3191   0.7683 
8517.5621   0.7278 
8517.8057   0.6184 
8518.0487   0.5414 
8518.2925   0.5225 
8518.5356   0.6270 
8518.7794   0.7743 
8519.0225   0.8072 
8519.2661   0.7954 
8519.5094   0.7957 
8519.7524   0.7760 
8519.9963   0.7847 
8520.2398   0.8023 
8520.4833   0.8010 
8520.7264   0.7923 
8520.9702   0.7783 
8521.2133   0.7716 
8521.4565   0.7787 
8521.7005   0.7887 
8521.9438   0.7965 
8522.1876   0.8228 
8522.4307   0.8286 
8522.6743   0.7940 
8522.9180   0.7767 
8523.1611   0.8215 
8523.4048   0.8353 
8523.6484   0.7976 
8523.8921   0.7821 
8524.1358   0.8018 
8524.3789   0.8022 
8524.6226   0.7734 
8524.8663   0.7982 
8525.1096   0.8257 
8525.3530   0.8241 
8525.5971   0.8194 
8525.8403   0.7994 
8526.0845   0.7794 
8526.3277   0.7628 
8526.5711   0.7342 
8526.8149   0.7373 
8527.0588   0.7871 
8527.3021   0.8018 
8527.5454   0.8141 
8527.7895   0.7938 
8528.0330   0.7707 
8528.2769   0.7895 
8528.5209   0.8042 
8528.7642   0.8021 
8529.0075   0.8070 
8529.2515   0.8090 
8529.4956   0.8010 
8529.7388   0.7973 
8529.9823   0.7919 
8530.2261   0.7761 
8530.4702   0.7931 
8530.7137   0.8067 
8530.9575   0.8144 
8531.2017   0.7456 
8531.4452   0.6989 
8531.6890   0.7711 
8531.9321   0.8105 
8532.1763   0.7882 
8532.4204   0.7678 
8532.6639   0.7809 
8532.9077   0.8014 
8533.1510   0.8105 
8533.3950   0.8103 
8533.6392   0.7925 
8533.8831   0.8052 
8534.1265   0.8119 
8534.3706   0.7775 
8534.6148   0.7580 
8534.8588   0.7790 
8535.1020   0.8119 
8535.3462   0.8171 
8535.5894   0.8200 
8535.8335   0.7981 
8536.0776   0.7789 
8536.3218   0.7782 
8536.5658   0.7474 
8536.8091   0.7323 
8537.0532   0.7472 
8537.2970   0.7575 
8537.5405   0.7634 
8537.7847   0.7680 
8538.0288   0.7572 
8538.2729   0.7417 
8538.5171   0.7249 
8538.7611   0.6809 
8539.0044   0.6712 
8539.2485   0.6289 
8539.4927   0.5790 
8539.7368   0.6245 
8539.9810   0.6284 
8540.2251   0.6023 
8540.4692   0.5800 
8540.7134   0.5501 
8540.9569   0.5049 
8541.2007   0.4576 
8541.4448   0.4064 
8541.6890   0.3275 
8541.9331   0.2128 
8542.1773   0.1883 
8542.4214   0.2961 
8542.6645   0.3897 
8542.9087   0.4441 
8543.1528   0.4794 
8543.3970   0.5138 
8543.6411   0.5504 
8543.8853   0.5916 
8544.1294   0.6237 
8544.3735   0.6488 
8544.6177   0.6732 
8544.8618   0.7024 
8545.1060   0.7119 
8545.3501   0.6926 
8545.5942   0.7044 
8545.8384   0.7508 
8546.0825   0.7709 
8546.3267   0.7393 
8546.5708   0.7414 
8546.8149   0.7742 
8547.0591   0.7906 
8547.3036   0.7941 
8547.5483   0.7670 
8547.7925   0.6947 
8548.0366   0.5764 
8548.2808   0.6399 
8548.5249   0.7320 
8548.7690   0.6898 
8549.0140   0.7363 
8549.2583   0.8288 
8549.5024   0.8275 
8549.7466   0.7963 
8549.9907   0.7970 
8550.2349   0.7858 
8550.4790   0.7247 
8550.7231   0.7529 
8550.9676   0.8160 
8551.2124   0.8298 
8551.4565   0.8397 
8551.7007   0.8344 
8551.9448   0.8197 
8552.1890   0.8169 
8552.4332   0.8125 
8552.6782   0.8016 
8552.9224   0.8044 
8553.1669   0.8228 
8553.4116   0.8429 
8553.6558   0.8430 
8553.8999   0.8536 
8554.1440   0.8539 
8554.3887   0.8443 
8554.6333   0.8514 
8554.8777   0.8317 
8555.1226   0.7971 
8555.3667   0.7752 
8555.6108   0.8020 
8555.8553   0.8621 
8556.1001   0.8591 
8556.3442   0.8359 
8556.5884   0.8259 
8556.8330   0.8131 
8557.0776   0.8423 
8557.3226   0.8385 
8557.5669   0.8389 
8557.8110   0.8329 
8558.0556   0.8459 
8558.3003   0.8590 
8558.5452   0.8299 
8558.7895   0.8099 
8559.0337   0.8037 
8559.2785   0.8186 
8559.5229   0.8206 
8559.7671   0.7944 
8560.0120   0.8107 
8560.2567   0.8363 
8560.5015   0.8243 
8560.7456   0.8378 
8560.9904   0.8500 
8561.2353   0.8682 
8561.4800   0.8575 
8561.7241   0.8434 
8561.9690   0.8442 
8562.2134   0.8069 
8562.4578   0.8214 
8562.7027   0.8563 
8562.9478   0.8458 
8563.1919   0.8470 
8563.4368   0.8484 
8563.6817   0.8549 
8563.9263   0.8507 
8564.1708   0.8234 
8564.4155   0.8272 
8564.6599   0.8421 
8564.9049   0.8619 
8565.1499   0.8315 
8565.3940   0.7243 
8565.6392   0.7126 
8565.8843   0.8184 
8566.1284   0.8670 
8566.3734   0.8531 
8566.6177   0.8292 
8566.8628   0.8230 
8567.1079   0.8403 
8567.3522   0.8590 
8567.5973   0.8670 
8567.8423   0.8481 
8568.0867   0.8442 
8568.3315   0.8206 
8568.5761   0.8151 
8568.8213   0.8474 
8569.0659   0.8546 
8569.3108   0.8587 
8569.5560   0.8287 
8569.8005   0.7254 
8570.0454   0.7244 
8570.2900   0.8314 
8570.5352   0.8600 
8570.7798   0.8531 
8571.0251   0.8308 
8571.2700   0.8236 
8571.5147   0.8306 
8571.7593   0.8262 
8572.0045   0.8557 
8572.2495   0.8688 
8572.4942   0.8607 
8572.7396   0.8619 
8572.9842   0.8603 
8573.2290   0.8188 
8573.4739   0.7949 
8573.7192   0.8120 
8573.9639   0.8253 
8574.2093   0.8188 
8574.4540   0.8110 
8574.6987   0.8438 
8574.9439   0.8492 
8575.1890   0.7840 
8575.4340   0.8056 
8575.6792   0.8612 
8575.9240   0.8652 
8576.1688   0.8534 
8576.4142   0.8167 
8576.6590   0.8265 
8576.9044   0.8408 
8577.1492   0.8375 
8577.3940   0.8460 
8577.6395   0.8667 
8577.8843   0.8672 
8578.1298   0.8082 
8578.3746   0.7313 
8578.6196   0.7845 
8578.8648   0.8358 
8579.1099   0.8440 
8579.3553   0.8405 
8579.6002   0.8459 
8579.8452   0.8715 
8580.0905   0.8822 
8580.3355   0.8656 
8580.5811   0.8590 
8580.8260   0.8695 
8581.0709   0.8632 
8581.3164   0.8540 
8581.5613   0.8628 
8581.8068   0.8331 
8582.0519   0.6992 
8582.2968   0.6194 
8582.5424   0.7753 
8582.7875   0.8636 
8583.0328   0.8329 
8583.2778   0.7985 
8583.5232   0.8393 
8583.7684   0.8672 
8584.0139   0.8489 
8584.2589   0.8468 
8584.5040   0.8403 
8584.7495   0.8213 
8584.9949   0.8106 
8585.2401   0.8181 
8585.4852   0.8600 
8585.7308   0.8820 
8585.9760   0.8674 
8586.2214   0.8599 
8586.4664   0.8682 
8586.7120   0.8654 
8586.9572   0.8793 
8587.2027   0.8743 
8587.4479   0.8469 
8587.6935   0.8364 
8587.9387   0.8347 
8588.1842   0.8248 
8588.4293   0.8189 
8588.6749   0.8581 
8588.9202   0.8762 
8589.1657   0.8707 
8589.4109   0.8564 
8589.6565   0.8503 
8589.9019   0.8687 
8590.1474   0.8906 
8590.3925   0.8800 
8590.6382   0.8482 
8590.8839   0.8360 
8591.1290   0.8321 
8591.3745   0.8260 
8591.6199   0.8199 
8591.8656   0.8275 
8592.1109   0.8512 
8592.3565   0.8675 
8592.6020   0.8583 
8592.8476   0.8307 
8593.0928   0.8278 
8593.3386   0.8524 
8593.5842   0.8511 
8593.8294   0.8497 
8594.0752   0.8581 
8594.3207   0.8543 
8594.5663   0.8579 
8594.8116   0.8663 
8595.0573   0.8661 
8595.3030   0.8674 
8595.5484   0.8686 
8595.7941   0.8850 
8596.0398   0.8892 
8596.2852   0.8657 
8596.5310   0.8487 
8596.7765   0.8269 
8597.0223   0.8320 
8597.2677   0.8711 
8597.5135   0.8845 
8597.7592   0.8707 
8598.0046   0.8184 
8598.2503   0.7846 
8598.4962   0.8333 
8598.7415   0.7984 
8598.9875   0.8110 
8599.2333   0.8689 
8599.4787   0.8688 
8599.7245   0.8611 
8599.9702   0.8731 
8600.2159   0.8867 
8600.4616   0.8758 
8600.7074   0.8363 
8600.9531   0.7380 
8601.1988   0.7375 
8601.4446   0.8497 
8601.6904   0.8945 
8601.9360   0.9058 
8602.1819   0.8922 
8602.4277   0.8606 
8602.6734   0.8526 
8602.9193   0.8742 
8603.1650   0.8704 
8603.4108   0.8554 
8603.6567   0.8537 
8603.9024   0.8603 
8604.1483   0.8659 
8604.3942   0.8687 
8604.6398   0.8829 
8604.8859   0.8913 
8605.1318   0.8776 
8605.3775   0.8684 
8605.6234   0.8680 
8605.8695   0.8698 
8606.1151   0.8670 
8606.3611   0.8557 
8606.6072   0.8696 
8606.8528   0.8166 
8607.0989   0.7749 
8607.3447   0.8477 
8607.5906   0.8831 
8607.8367   0.8875 
8608.0824   0.8840 
8608.3285   0.8723 
8608.5746   0.8645 
8608.8203   0.8774 
8609.0664   0.8819 
8609.3124   0.8807 
8609.5583   0.8949 
8609.8045   0.8934 
8610.0502   0.8622 
8610.2964   0.8586 
8610.5425   0.8913 
8610.7883   0.8928 
8611.0345   0.8860 
8611.2804   0.8641 
8611.5264   0.7348 
8611.7726   0.5879 
8612.0186   0.7189 
8612.2647   0.8536 
8612.5107   0.8644 
8612.7567   0.8379 
8613.0029   0.8417 
8613.2488   0.8784 
8613.4951   0.8798 
8613.7412   0.8818 
8613.9872   0.8850 
8614.2334   0.8901 
8614.4795   0.8883 
8614.7258   0.8895 
8614.9718   0.8799 
8615.2178   0.8778 
8615.4641   0.8706 
8615.7102   0.8870 
8615.9565   0.8717 
8616.2024   0.8149 
8616.4487   0.8385 
8616.6950   0.8763 
8616.9410   0.8680 
8617.1873   0.8699 
8617.4336   0.8864 
8617.6799   0.9081 
8617.9259   0.8980 
8618.1722   0.8556 
8618.4186   0.7852 
8618.6646   0.7874 
8618.9109   0.8682 
8619.1572   0.8827 
8619.4035   0.8829 
8619.6497   0.8846 
8619.8960   0.8851 
8620.1424   0.9008 
8620.3885   0.9095 
8620.6351   0.8855 
8620.8812   0.8764 
8621.1275   0.8763 
8621.3737   0.7658 
8621.6203   0.6394 
8621.8664   0.7787 
8622.1128   0.8941 
8622.3593   0.8690 
8622.6055   0.8237 
8622.8521   0.8540 
8623.0982   0.8835 
8623.3447   0.9000 
8623.5910   0.9055 
8623.8375   0.8952 
8624.0838   0.9066 
8624.3304   0.9173 
8624.5766   0.9147 
8624.8232   0.9032 
8625.0694   0.8967 
8625.3159   0.8951 
8625.5624   0.9031 
8625.8088   0.9083 
8626.0554   0.8946 
8626.3016   0.8856 
8626.5483   0.8898 
8626.7946   0.8973 
8627.0413   0.9030 
8627.2876   0.9203 
8627.5343   0.9161 
8627.7807   0.9042 
8628.0271   0.8917 
8628.2736   0.8825 
8628.5202   0.8861 
8628.7668   0.9101 
8629.0133   0.9138 
8629.2598   0.8878 
8629.5064   0.8837 
8629.7529   0.8963 
8629.9996   0.9015 
8630.2460   0.8906 
8630.4927   0.8908 
8630.7393   0.9029 
8630.9859   0.8985 
8631.2324   0.8949 
8631.4791   0.9046 
8631.7256   0.8986 
8631.9724   0.8737 
8632.2190   0.8476 
8632.4655   0.8271 
8632.7122   0.8712 
8632.9590   0.9070 
8633.2055   0.9042 
8633.4522   0.9076 
8633.6988   0.8977 
8633.9456   0.8768 
8634.1921   0.8908 
8634.4391   0.8895 
8634.6855   0.8771 
8634.9324   0.8971 
8635.1790   0.9139 
8635.4258   0.9101 
8635.6726   0.9109 
8635.9191   0.9021 
8636.1660   0.8537 
8636.4126   0.8519 
8636.6596   0.8772 
8636.9063   0.8775 
8637.1530   0.8920 
8637.3998   0.9027 
8637.6467   0.8976 
8637.8933   0.9004 
8638.1402   0.9136 
8638.3870   0.9304 
8638.6339   0.9161 
8638.8807   0.8988 
8639.1273   0.9137 
8639.3744   0.9279 
8639.6211   0.9179 
8639.8681   0.8839 
8640.1147   0.8752 
8640.3618   0.8919 
8640.6085   0.8924 
8640.8555   0.8957 
8641.1024   0.8897 
8641.3492   0.8897 
8641.5962   0.8990 
8641.8431   0.9092 
8642.0900   0.9110 
8642.3368   0.9043 
8642.5838   0.9041 
8642.8308   0.8807 
8643.0776   0.8590 
8643.3247   0.8828 
8643.5716   0.8994 
8643.8186   0.8982 
8644.0654   0.8952 
8644.3125   0.9035 
8644.5596   0.9086 
8644.8065   0.9141 
8645.0535   0.9295 
8645.3003   0.9184 
8645.5476   0.8811 
8645.7944   0.8722 
8646.0415   0.8834 
8646.2886   0.8934 
8646.5356   0.8771 
8646.7826   0.8798 
8647.0298   0.9022 
8647.2767   0.8999 
8647.5239   0.9015 
8647.7709   0.8928 
8648.0180   0.8993 
8648.2651   0.9042 
8648.5121   0.8938 
8648.7593   0.8942 
8649.0063   0.8895 
8649.2536   0.8768 
8649.5007   0.8769 
8649.7477   0.8803 
8649.9949   0.8775 
8650.2420   0.8852 
8650.4893   0.9027 
8650.7365   0.9068 
8650.9836   0.8983 
8651.2309   0.8996 
8651.4780   0.8805 
8651.7252   0.8837 
8651.9725   0.8886 
8652.2195   0.8622 
8652.4668   0.8365 
8652.7141   0.8732 
8652.9611   0.9012 
8653.2084   0.9080 
8653.4556   0.9071 
8653.7027   0.9009 
8653.9501   0.8920 
8654.1974   0.8774 
8654.4446   0.8710 
8654.6919   0.8900 
8654.9391   0.8954 
8655.1865   0.8825 
8655.4338   0.8716 
8655.6810   0.8814 
8655.9284   0.8898 
8656.1757   0.8757 
8656.4230   0.8638 
8656.6703   0.8674 
8656.9177   0.8758 
8657.1649   0.8714 
8657.4124   0.8578 
8657.6597   0.8569 
8657.9071   0.8641 
8658.1544   0.8537 
8658.4019   0.8380 
8658.6492   0.8200 
8658.8966   0.8055 
8659.1441   0.7990 
8659.3914   0.7916 
8659.6388   0.7827 
8659.8862   0.7579 
8660.1337   0.7291 
8660.3811   0.7036 
8660.6286   0.6657 
8660.8760   0.6189 
8661.1234   0.5641 
8661.3710   0.4971 
8661.6184   0.3885 
8661.8658   0.2342 
8662.1135   0.1678 
8662.3607   0.2662 
8662.6083   0.4010 
8662.8559   0.4884 
8663.1033   0.5525 
8663.3509   0.6066 
8663.5984   0.6440 
8663.8459   0.6782 
8664.0936   0.7241 
8664.3410   0.7457 
8664.5886   0.7453 
8664.8361   0.7751 
8665.0838   0.8060 
8665.3314   0.8206 
8665.5789   0.8328 
8665.8265   0.8403 
8666.0741   0.8434 
8666.3216   0.8554 
8666.5692   0.8721 
8666.8169   0.8787 
8667.0646   0.8435 
8667.3121   0.7708 
8667.5598   0.7963 
8667.8075   0.8673 
8668.0551   0.8885 
8668.3027   0.8982 
8668.5505   0.8928 
8668.7981   0.8754 
8669.0458   0.8811 
8669.2936   0.9000 
8669.5412   0.9049 
8669.7890   0.9038 
8670.0366   0.8977 
8670.2843   0.8874 
8670.5321   0.9010 
8670.7798   0.9026 
8671.0274   0.9155 
8671.2753   0.9246 
8671.5231   0.9038 
8671.7708   0.8629 
8672.0186   0.8631 
8672.2663   0.9014 
8672.5142   0.9059 
8672.7620   0.8946 
8673.0097   0.8946 
8673.2574   0.9070 
8673.5054   0.9134 
8673.7532   0.8950 
8674.0010   0.8957 
8674.2487   0.8905 
8674.4966   0.7435 
8674.7444   0.5983 
8674.9923   0.6830 
8675.2402   0.5884 
8675.4882   0.5841 
8675.7360   0.8122 
8675.9838   0.9054 
8676.2317   0.9258 
8676.4797   0.9372 
8676.7275   0.9318 
8676.9754   0.9169 
8677.2234   0.9129 
8677.4713   0.9373 
8677.7192   0.9339 
8677.9671   0.9043 
8678.2149   0.8919 
8678.4631   0.8942 
8678.7110   0.8673 
8678.9590   0.8364 
8679.2069   0.8696 
8679.4549   0.8877 
8679.7028   0.8793 
8679.9510   0.8796 
8680.1989   0.8976 
8680.4468   0.9011 
8680.6949   0.8734 
8680.9430   0.8888 
8681.1909   0.9097 
8681.4391   0.9086 
8681.6870   0.9112 
8681.9351   0.9033 
8682.1832   0.9050 
8682.4312   0.9109 
8682.6793   0.8069 
8682.9272   0.5908 
8683.1756   0.6814 
8683.4234   0.8753 
8683.6718   0.9190 
8683.9197   0.9145 
8684.1679   0.8769 
8684.4159   0.8844 
8684.6642   0.9123 
8684.9123   0.9212 
8685.1604   0.9302 
8685.4086   0.9330 
8685.6567   0.9249 
8685.9048   0.9227 
8686.1529   0.9244 
8686.4013   0.9115 
8686.6494   0.8883 
8686.8977   0.8921 
8687.1458   0.8995 
8687.3940   0.8787 
8687.6422   0.8710 
8687.8905   0.8736 
8688.1387   0.7974 
8688.3869   0.5673 
8688.6351   0.4020 
8688.8833   0.6032 
8689.1317   0.8196 
8689.3800   0.8700 
8689.6282   0.8348 
8689.8766   0.8292 
8690.1247   0.8789 
8690.3730   0.9122 
8690.6215   0.9216 
8690.8696   0.9321 
8691.1181   0.9367 
8691.3663   0.9322 
8691.6146   0.9245 
8691.8630   0.8820 
8692.1112   0.7085 
8692.3598   0.6100 
8692.6079   0.8012 
8692.8564   0.9246 
8693.1048   0.9567 
8693.3531   0.9557 
8693.6015   0.9313 
8693.8499   0.9228 
8694.0982   0.9318 
8694.3467   0.9368 
8694.5951   0.9265 
8694.8435   0.9237 
8695.0920   0.9287 
8695.3404   0.9392 
8695.5888   0.9451 
8695.8372   0.9317 
8696.0858   0.9216 
8696.3343   0.9339 
8696.5825   0.9448 
8696.8312   0.9464 
8697.0798   0.9427 
8697.3282   0.9247 
8697.5767   0.9186 
8697.8251   0.9345 
8698.0735   0.9465 
8698.3222   0.9143 
8698.5708   0.8361 
8698.8193   0.8320 
8699.0678   0.8832 
8699.3163   0.8438 
8699.5649   0.8486 
8699.8134   0.9211 
8700.0620   0.9321 
8700.3105   0.9274 
8700.5591   0.9349 
8700.8077   0.9248 
8701.0564   0.9098 
8701.3050   0.9220 
8701.5536   0.9365 
8701.8021   0.9384 
8702.0509   0.9338 
8702.2995   0.9234 
8702.5480   0.9129 
8702.7966   0.9258 
8703.0454   0.9406 
8703.2940   0.9373 
8703.5428   0.9134 
8703.7913   0.9085 
8704.0401   0.9436 
8704.2887   0.9479 
8704.5375   0.9388 
8704.7861   0.9384 
8705.0348   0.9315 
8705.2836   0.9223 
8705.5323   0.9201 
8705.7810   0.9415 
8706.0298   0.9578 
8706.2785   0.9559 
8706.5273   0.9483 
8706.7761   0.9399 
8707.0248   0.9382 
8707.2737   0.9251 
8707.5223   0.9185 
8707.7713   0.9185 
8708.0198   0.9046 
8708.2689   0.9225 
8708.5176   0.9419 
8708.7664   0.9506 
8709.0152   0.9410 
8709.2641   0.9296 
8709.5129   0.9415 
8709.7617   0.9516 
8710.0106   0.9220 
8710.2594   0.8605 
8710.5083   0.8693 
8710.7572   0.9304 
8711.0061   0.9384 
8711.2551   0.9370 
8711.5038   0.9377 
8711.7527   0.9368 
8712.0017   0.9476 
8712.2507   0.9566 
8712.4996   0.9343 
8712.7484   0.8980 
8712.9974   0.8230 
8713.2463   0.7928 
8713.4953   0.9072 
8713.7443   0.9532 
8713.9933   0.9433 
8714.2422   0.9420 
8714.4911   0.9442 
8714.7401   0.9464 
8714.9892   0.9430 
8715.2382   0.9460 
8715.4871   0.9609 
8715.7361   0.9619 
8715.9852   0.9449 
8716.2342   0.9328 
8716.4833   0.9340 
8716.7323   0.9424 
8716.9814   0.9370 
8717.2304   0.9340 
8717.4796   0.9252 
8717.7286   0.8974 
8717.9776   0.9049 
8718.2268   0.9365 
8718.4759   0.9433 
8718.7249   0.9353 
8718.9740   0.9302 
8719.2231   0.9131 
8719.4723   0.8474 
8719.7215   0.8490 
8719.9705   0.9294 
8720.2197   0.9530 
8720.4689   0.9509 
8720.7181   0.9558 
8720.9671   0.9546 
8721.2165   0.9480 
8721.4655   0.9396 
8721.7146   0.9404 
8721.9641   0.9543 
8722.2131   0.9540 
8722.4622   0.9533 
8722.7116   0.9443 
8722.9608   0.9421 
8723.2100   0.9476 
8723.4592   0.9444 
8723.7085   0.9414 
8723.9577   0.9450 
8724.2070   0.9506 
8724.4563   0.9533 
8724.7056   0.9489 
8724.9549   0.9387 
8725.2041   0.9425 
8725.4534   0.9440 
8725.7026   0.9455 
8725.9521   0.9474 
8726.2013   0.9418 
8726.4507   0.9411 
8726.7000   0.9491 
8726.9494   0.9533 
8727.1985   0.9615 
8727.4480   0.9610 
8727.6974   0.9460 
8727.9468   0.9327 
8728.1961   0.9373 
8728.4455   0.9513 
8728.6948   0.9413 
8728.9443   0.8879 
8729.1937   0.8561 
8729.4431   0.9152 
8729.6925   0.9450 
8729.9420   0.9483 
8730.1913   0.9515 
8730.4407   0.9486 
8730.6902   0.9529 
8730.9397   0.9669 
8731.1892   0.9684 
8731.4386   0.9638 
8731.6881   0.9563 
8731.9375   0.9374 
8732.1870   0.9268 
8732.4366   0.9466 
8732.6861   0.9610 
8732.9355   0.9545 
8733.1851   0.9489 
8733.4346   0.9379 
8733.6842   0.9349 
8733.9336   0.9382 
8734.1832   0.9173 
8734.4327   0.7883 
8734.6822   0.6277 
8734.9318   0.7713 
8735.1814   0.9180 
8735.4310   0.9440 
8735.6806   0.9268 
8735.9303   0.8576 
8736.1798   0.8719 
8736.4295   0.9357 
8736.6790   0.9506 
8736.9286   0.9441 
8737.1783   0.9233 
8737.4279   0.9226 
8737.6775   0.9381 
8737.9272   0.9494 
8738.1769   0.9556 
8738.4266   0.9529 
8738.6762   0.9532 
8738.9259   0.9572 
8739.1756   0.9526 
8739.4253   0.9457 
8739.6751   0.9538 
8739.9247   0.9529 
8740.1744   0.9506 
8740.4241   0.9501 
8740.6739   0.9185 
8740.9236   0.8808 
8741.1733   0.9081 
8741.4231   0.9338 
8741.6728   0.9324 
8741.9227   0.9441 
8742.1724   0.9500 
8742.4223   0.9387 
8742.6719   0.9464 
8742.9218   0.9544 
8743.1716   0.9536 
8743.4214   0.9456 
8743.6711   0.9404 
8743.9210   0.9417 
8744.1709   0.9467 
8744.4206   0.9544 
8744.6706   0.9567 
8744.9204   0.9513 
8745.1701   0.9416 
8745.4201   0.9415 
8745.6699   0.9474 
8745.9198   0.9501 
8746.1698   0.9530 
8746.4195   0.9518 
8746.6695   0.9532 
8746.9193   0.9514 
8747.1694   0.9055 
8747.4192   0.8405 
8747.6692   0.9132 
8747.9190   0.9869 
8748.1691   0.9988 
8748.4189   0.9990 
8748.6690   0.9995 
8748.9189   0.9997 
8749.1690   0.9921 
8749.4188   0.9543 
8749.6689   0.8923 
