#   xsum       ysum
#
3000	2.16781E-08
3005	2.11081E-08
3010	2.09508E-08
3015	2.08054E-08
3020	2.06303E-08
3025	2.08186E-08
3030	2.04674E-08
3035	1.96071E-08
3040	1.99588E-08
3045	2.12031E-08
3050	2.15682E-08
3055	2.10013E-08
3060	2.01569E-08
3065	1.95978E-08
3070	1.94831E-08
3075	1.92967E-08
3080	1.99016E-08
3085	1.99683E-08
3090	1.89615E-08
3095	2.01636E-08
3100	1.99074E-08
3105	1.95289E-08
3110	1.9165E-08
3115	1.89552E-08
3120	1.8585E-08
3125	1.93924E-08
3130	1.99109E-08
3135	1.9896E-08
3140	2.03739E-08
3145	1.99937E-08
3150	2.00814E-08
3155	1.93415E-08
3160	1.87544E-08
3165	1.88678E-08
3170	1.94062E-08
3175	1.88557E-08
3180	1.86165E-08
3185	1.9304E-08
3190	1.88476E-08
3195	1.81327E-08
3200	1.89005E-08
3205	1.89543E-08
3210	1.8753E-08
3215	1.8335E-08
3220	1.80505E-08
3225	1.81736E-08
3230	1.83613E-08
3235	1.8245E-08
3240	1.79714E-08
3245	1.77723E-08
3250	1.7707E-08
3255	1.77676E-08
3260	1.78497E-08
3265	1.7839E-08
3270	1.7677E-08
3275	1.7363E-08
3280	1.70711E-08
3285	1.6955E-08
3290	1.69102E-08
3295	1.68166E-08
3300	1.67496E-08
3305	1.67838E-08
3310	1.6795E-08
3315	1.66682E-08
3320	1.65268E-08
3325	1.65023E-08
3330	1.65206E-08
3335	1.64924E-08
3340	1.64712E-08
3345	1.65154E-08
3350	1.65594E-08
3355	1.65192E-08
3360	1.63612E-08
3365	1.60996E-08
3370	1.58897E-08
3375	1.586E-08
3380	1.58905E-08
3385	1.58403E-08
3390	1.57323E-08
3395	1.56241E-08
3400	1.55476E-08
3405	1.55195E-08
3410	1.55218E-08
3415	1.55241E-08
3420	1.54827E-08
3425	1.53663E-08
3430	1.52058E-08
3435	1.50445E-08
3440	1.49109E-08
3445	1.48313E-08
3450	1.48369E-08
3455	1.49246E-08
3460	1.49497E-08
3465	1.47984E-08
3470	1.46218E-08
3475	1.45744E-08
3480	1.45577E-08
3485	1.44552E-08
3490	1.43284E-08
3495	1.42607E-08
3500	1.42419E-08
3505	1.42348E-08
3510	1.4133E-08
3515	1.41187E-08
3520	1.40868E-08
3525	1.39059E-08
3530	1.38473E-08
3535	1.39206E-08
3540	1.38616E-08
3545	1.38597E-08
3550	1.37728E-08
3555	1.34184E-08
3560	1.32836E-08
3565	1.32497E-08
3570	1.33605E-08
3575	1.32452E-08
3580	1.29645E-08
3585	1.26012E-08
3590	1.23715E-08
3595	1.26188E-08
3600	1.27923E-08
3605	1.27329E-08
3610	1.21852E-08
3615	1.22759E-08
3620	1.2457E-08
3625	1.2435E-08
3630	1.18391E-08
3635	1.13861E-08
3640	1.16261E-08
3645	1.21445E-08
3650	1.20228E-08
3655	1.20714E-08
3660	1.24103E-08
3665	1.22539E-08
3670	1.20827E-08
3675	1.19898E-08
3680	1.19442E-08
3685	1.20536E-08
3690	1.1926E-08
3695	1.16889E-08
3700	1.17191E-08
3705	1.12816E-08
3710	1.0911E-08
3715	1.11266E-08
3720	1.12299E-08
3725	1.13944E-08
3730	1.17739E-08
3735	1.10696E-08
3740	1.17353E-08
3745	1.19425E-08
3750	1.06349E-08
3755	1.10593E-08
3760	1.25903E-08
3765	1.20749E-08
3770	1.03836E-08
3775	1.10168E-08
3780	1.30175E-08
3785	1.3707E-08
3790	1.27822E-08
3795	1.08103E-08
3800	1.03091E-08
3805	1.22972E-08
3810	1.38526E-08
3815	1.35977E-08
3820	1.27984E-08
3825	1.29422E-08
3830	1.16537E-08
3835	9.77982E-09
3840	1.11693E-08
3845	1.29903E-08
3850	1.36468E-08
3855	1.38837E-08
3860	1.37321E-08
3865	1.33897E-08
3870	1.30736E-08
3875	1.28935E-08
3880	1.22473E-08
3885	1.03293E-08
3890	9.08037E-09
3895	1.06339E-08
3900	1.22692E-08
3905	1.28386E-08
3910	1.31025E-08
3915	1.31216E-08
3920	1.27505E-08
3925	1.2305E-08
3930	1.20648E-08
3935	1.23168E-08
3940	1.25642E-08
3945	1.2492E-08
3950	1.24063E-08
3955	1.22657E-08
3960	1.14865E-08
3965	9.65336E-09
3970	8.16197E-09
3975	9.46713E-09
3980	1.08962E-08
3985	1.14895E-08
3990	1.1765E-08
3995	1.17618E-08
4000	1.17258E-08
4005	1.14632E-08
4010	1.1242E-08
4015	1.15167E-08
4020	1.13335E-08
4025	1.04436E-08
4030	1.06354E-08
4035	1.11723E-08
4040	1.12068E-08
4045	1.15254E-08
4050	1.16644E-08
4055	1.13145E-08
4060	1.1202E-08
4065	1.11975E-08
4070	1.11047E-08
4075	1.09092E-08
4080	1.07865E-08
4085	1.0716E-08
4090	1.041E-08
4095	9.40784E-09
4100	7.80249E-09
4105	7.86738E-09
4110	9.25205E-09
4115	9.93157E-09
4120	1.00465E-08
4125	1.02861E-08
4130	1.03914E-08
4135	1.0256E-08
4140	9.9377E-09
4145	9.54046E-09
4150	1.01153E-08
4155	1.02945E-08
4160	1.03181E-08
4165	1.02232E-08
4170	1.00662E-08
4175	1.00434E-08
4180	1.00015E-08
4185	9.91108E-09
4190	9.7533E-09
4195	9.72107E-09
4200	9.85266E-09
4205	9.8808E-09
4210	9.87636E-09
4215	9.79199E-09
4220	9.77882E-09
4225	9.65483E-09
4230	9.5349E-09
4235	9.45872E-09
4240	9.40381E-09
4245	9.39869E-09
4250	9.45461E-09
4255	9.24613E-09
4260	9.25381E-09
4265	9.15992E-09
4270	9.03547E-09
4275	8.94307E-09
4280	8.92477E-09
4285	8.92795E-09
4290	8.93678E-09
4295	9.012E-09
4300	8.97556E-09
4305	8.8671E-09
4310	8.80275E-09
4315	8.68715E-09
4320	8.62952E-09
4325	8.48551E-09
4330	8.1878E-09
4335	7.50404E-09
4340	6.66363E-09
4345	6.73536E-09
4350	7.34089E-09
4355	7.80307E-09
4360	8.10499E-09
4365	8.29244E-09
4370	8.28417E-09
4375	8.28849E-09
4380	8.22916E-09
4385	7.96739E-09
4390	7.77654E-09
4395	7.99696E-09
4400	8.05525E-09
4405	8.01971E-09
4410	7.93718E-09
4415	7.79937E-09
4420	7.74986E-09
4425	7.78755E-09
4430	7.74081E-09
4435	7.66828E-09
4440	7.72939E-09
4445	7.76485E-09
4450	7.73363E-09
4455	7.77029E-09
4460	7.79173E-09
4465	7.57324E-09
4470	7.0996E-09
4475	7.08674E-09
4480	7.26785E-09
4485	7.44518E-09
4490	7.62392E-09
4495	7.71448E-09
4500	7.64646E-09
4505	7.53743E-09
4510	7.48044E-09
4515	7.50877E-09
4520	7.57321E-09
4525	7.54098E-09
4530	7.46319E-09
4535	7.41614E-09
4540	7.37208E-09
4545	7.35472E-09
4550	7.2897E-09
4555	7.24351E-09
4560	7.22706E-09
4565	7.18105E-09
4570	7.05819E-09
4575	7.04576E-09
4580	7.07036E-09
4585	6.99235E-09
4590	6.92963E-09
4595	6.95661E-09
4600	6.96301E-09
4605	6.95997E-09
4610	6.97573E-09
4615	6.9427E-09
4620	6.87166E-09
4625	6.79401E-09
4630	6.72525E-09
4635	6.7386E-09
4640	6.71159E-09
4645	6.66908E-09
4650	6.6354E-09
4655	6.66353E-09
4660	6.63917E-09
4665	6.60944E-09
4670	6.5568E-09
4675	6.54195E-09
4680	6.52446E-09
4685	6.55236E-09
4690	6.56577E-09
4695	6.55206E-09
4700	6.45966E-09
4705	6.41181E-09
4710	6.32695E-09
4715	6.28483E-09
4720	6.35711E-09
4725	6.35305E-09
4730	6.35915E-09
4735	6.33733E-09
4740	6.2981E-09
4745	6.20092E-09
4750	6.16745E-09
4755	6.21524E-09
4760	6.18473E-09
4765	6.17743E-09
4770	6.15682E-09
4775	6.09E-09
4780	6.03878E-09
4785	6.02211E-09
4790	6.02357E-09
4795	6.05417E-09
4800	6.00667E-09
4805	5.93256E-09
4810	5.90102E-09
4815	5.83866E-09
4820	5.82733E-09
4825	5.89382E-09
4830	5.87947E-09
4835	5.84681E-09
4840	5.84865E-09
4845	5.70735E-09
4850	5.48943E-09
4855	5.05762E-09
4860	4.5547E-09
4865	4.44995E-09
4870	4.78186E-09
4875	5.08783E-09
4880	5.28431E-09
4885	5.39944E-09
4890	5.49048E-09
4895	5.5854E-09
4900	5.57022E-09
4905	5.56224E-09
4910	5.58642E-09
4915	5.4553E-09
4920	5.24244E-09
4925	5.22148E-09
4930	5.36307E-09
4935	5.37091E-09
4940	5.37453E-09
4945	5.51307E-09
4950	5.52995E-09
4955	5.43543E-09
4960	5.36448E-09
4965	5.32272E-09
4970	5.36152E-09
4975	5.26645E-09
4980	5.25204E-09
4985	5.23755E-09
4990	5.25658E-09
4995	5.23185E-09
5000	5.20679E-09
5005	5.21027E-09
5010	5.13683E-09
5015	5.0624E-09
5020	5.11136E-09
5025	5.13692E-09
5030	5.09102E-09
5035	5.02049E-09
5040	5.09639E-09
5045	5.07562E-09
5050	5.01636E-09
5055	5.04639E-09
5060	5.05741E-09
5065	5.0162E-09
5070	4.94348E-09
5075	4.94537E-09
5080	4.96739E-09
5085	4.96196E-09
5090	5.03263E-09
5095	5.03685E-09
5100	4.92697E-09
5105	4.89422E-09
5110	4.92228E-09
5115	4.93936E-09
5120	4.89848E-09
5125	4.85936E-09
5130	4.85165E-09
5135	4.82702E-09
5140	4.73913E-09
5145	4.72707E-09
5150	4.68471E-09
5155	4.64088E-09
5160	4.69169E-09
5165	4.69271E-09
5170	4.68194E-09
5175	4.64376E-09
5180	4.59834E-09
5185	4.55464E-09
5190	4.54736E-09
5195	4.58028E-09
5200	4.61178E-09
5205	4.58651E-09
5210	4.51999E-09
5215	4.53419E-09
5220	4.507E-09
5225	4.47524E-09
5230	4.50872E-09
5235	4.49601E-09
5240	4.47233E-09
5245	4.41449E-09
5250	4.40752E-09
5255	4.45209E-09
5260	4.42915E-09
5265	4.41291E-09
5270	4.37193E-09
5275	4.3253E-09
5280	4.25832E-09
5285	4.24313E-09
5290	4.27739E-09
5295	4.25603E-09
5300	4.24305E-09
5305	4.2429E-09
5310	4.24194E-09
5315	4.2423E-09
5320	4.27646E-09
5325	4.26012E-09
5330	4.19078E-09
5335	4.13432E-09
5340	4.09928E-09
5345	4.10888E-09
5350	4.18155E-09
5355	4.19354E-09
5360	4.17778E-09
5365	4.12722E-09
5370	4.12377E-09
5375	4.09013E-09
5380	4.06688E-09
5385	4.08517E-09
5390	4.09052E-09
5395	4.06112E-09
5400	4.00812E-09
5405	3.93076E-09
5410	3.89027E-09
5415	3.91049E-09
5420	3.91964E-09
5425	3.93257E-09
5430	3.92936E-09
5435	3.93287E-09
5440	3.94142E-09
5445	3.89435E-09
5450	3.85556E-09
5455	3.83767E-09
5460	3.84257E-09
5465	3.82723E-09
5470	3.85522E-09
5475	3.83819E-09
5480	3.84791E-09
5485	3.86398E-09
5490	3.83504E-09
5495	3.82452E-09
5500	3.79103E-09
5505	3.74803E-09
5510	3.75587E-09
5515	3.76057E-09
5520	3.74922E-09
5525	3.73832E-09
5530	3.67682E-09
5535	3.58642E-09
5540	3.56448E-09
5545	3.61819E-09
5550	3.64411E-09
5555	3.6672E-09
5560	3.66486E-09
5565	3.6235E-09
5570	3.60633E-09
5575	3.58875E-09
5580	3.59362E-09
5585	3.5995E-09
5590	3.56147E-09
5595	3.53161E-09
5600	3.53216E-09
5605	3.4875E-09
5610	3.46863E-09
5615	3.46525E-09
5620	3.44274E-09
5625	3.42755E-09
5630	3.43339E-09
5635	3.41797E-09
5640	3.39079E-09
5645	3.4003E-09
5650	3.39196E-09
5655	3.37197E-09
5660	3.33651E-09
5665	3.29021E-09
5670	3.2872E-09
5675	3.32698E-09
5680	3.33265E-09
5685	3.30569E-09
5690	3.27758E-09
5695	3.24242E-09
5700	3.25194E-09
5705	3.24747E-09
5710	3.27823E-09
5715	3.25626E-09
5720	3.1967E-09
5725	3.17692E-09
5730	3.20594E-09
5735	3.20268E-09
5740	3.19889E-09
5745	3.20719E-09
5750	3.14229E-09
5755	3.14654E-09
5760	3.11409E-09
5765	3.08885E-09
5770	3.10988E-09
5775	3.08999E-09
5780	3.01153E-09
5785	3.02927E-09
5790	3.03909E-09
5795	3.04105E-09
5800	3.05395E-09
5805	3.02953E-09
5810	3.02334E-09
5815	3.00853E-09
5820	3.00888E-09
5825	3.04644E-09
5830	3.05351E-09
5835	3.0199E-09
5840	3.00146E-09
5845	3.0075E-09
5850	3.01883E-09
5855	3.0071E-09
5860	3.00975E-09
5865	2.98395E-09
5870	2.90479E-09
5875	2.81533E-09
5880	2.83412E-09
5885	2.83139E-09
5890	2.73737E-09
5895	2.68984E-09
5900	2.77113E-09
5905	2.87639E-09
5910	2.88857E-09
5915	2.84964E-09
5920	2.83E-09
5925	2.86421E-09
5930	2.83722E-09
5935	2.81174E-09
5940	2.78802E-09
5945	2.76962E-09
5950	2.77005E-09
5955	2.74959E-09
5960	2.76143E-09
5965	2.7544E-09
5970	2.73796E-09
5975	2.71186E-09
5980	2.70029E-09
5985	2.71823E-09
5990	2.73065E-09
5995	2.72575E-09
6000	2.72937E-09
6005	2.71609E-09
6010	2.68514E-09
6015	2.64538E-09
6020	2.65333E-09
6025	2.66471E-09
6030	2.67985E-09
6035	2.66706E-09
6040	2.64251E-09
6045	2.6496E-09
6050	2.63876E-09
6055	2.63509E-09
6060	2.60662E-09
6065	2.58628E-09
6070	2.58992E-09
6075	2.59403E-09
6080	2.59467E-09
6085	2.58441E-09
6090	2.60635E-09
6095	2.5711E-09
6100	2.5463E-09
6105	2.5282E-09
6110	2.51991E-09
6115	2.54456E-09
6120	2.53716E-09
6125	2.52487E-09
6130	2.51593E-09
6135	2.53892E-09
6140	2.52719E-09
6145	2.51709E-09
6150	2.50822E-09
6155	2.49659E-09
6160	2.47952E-09
6165	2.47704E-09
6170	2.47492E-09
6175	2.45262E-09
6180	2.44124E-09
6185	2.4467E-09
6190	2.45218E-09
6195	2.45576E-09
6200	2.42598E-09
6205	2.40264E-09
6210	2.40338E-09
6215	2.4046E-09
6220	2.40354E-09
6225	2.41505E-09
6230	2.42691E-09
6235	2.41376E-09
6240	2.38481E-09
6245	2.39255E-09
6250	2.37746E-09
6255	2.37516E-09
6260	2.38916E-09
6265	2.37143E-09
6270	2.34457E-09
6275	2.30039E-09
6280	2.20503E-09
6285	2.21752E-09
6290	2.26793E-09
6295	2.27259E-09
6300	2.27041E-09
6305	2.27452E-09
6310	2.26602E-09
6315	2.25165E-09
6320	2.25096E-09
6325	2.25386E-09
6330	2.26075E-09
6335	2.24076E-09
6340	2.23912E-09
6345	2.23874E-09
6350	2.22061E-09
6355	2.20456E-09
6360	2.20242E-09
6365	2.21124E-09
6370	2.20671E-09
6375	2.18595E-09
6380	2.17676E-09
6385	2.18757E-09
6390	2.1947E-09
6395	2.19391E-09
6400	2.19235E-09
6405	2.16284E-09
6410	2.15519E-09
6415	2.15205E-09
6420	2.15919E-09
6425	2.16186E-09
6430	2.15215E-09
6435	2.16437E-09
6440	2.14448E-09
6445	2.12457E-09
6450	2.13096E-09
6455	2.12381E-09
6460	2.10259E-09
6465	2.09568E-09
6470	2.07994E-09
6475	2.05611E-09
6480	2.06094E-09
6485	2.05762E-09
6490	2.05826E-09
6495	2.07632E-09
6500	2.0927E-09
6505	2.07097E-09
6510	2.07168E-09
6515	2.03828E-09
6520	2.03122E-09
6525	2.0479E-09
6530	2.04451E-09
6535	2.03772E-09
6540	2.0298E-09
6545	1.99102E-09
6550	1.91902E-09
6555	1.81252E-09
6560	1.67223E-09
6565	1.64637E-09
6570	1.78274E-09
6575	1.8657E-09
6580	1.90698E-09
6585	1.93264E-09
6590	1.9577E-09
6595	1.97541E-09
6600	1.97712E-09
6605	1.9919E-09
6610	1.97541E-09
6615	1.95618E-09
6620	1.94146E-09
6625	1.95004E-09
6630	1.94084E-09
6635	1.93741E-09
6640	1.90894E-09
6645	1.89439E-09
6650	1.89808E-09
6655	1.91985E-09
6660	1.91469E-09
6665	1.88625E-09
6670	1.86562E-09
6675	1.81936E-09
6680	1.78805E-09
6685	1.82148E-09
6690	1.83876E-09
6695	1.85377E-09
6700	1.85814E-09
6705	1.87002E-09
6710	1.84601E-09
6715	1.81387E-09
6720	1.81586E-09
6725	1.82712E-09
6730	1.8293E-09
6735	1.82208E-09
6740	1.81799E-09
6745	1.81628E-09
6750	1.81243E-09
6755	1.81145E-09
6760	1.81656E-09
6765	1.80614E-09
6770	1.80135E-09
6775	1.79479E-09
6780	1.77258E-09
6785	1.75942E-09
6790	1.76517E-09
6795	1.78283E-09
6800	1.78294E-09
6805	1.78306E-09
6810	1.77964E-09
6815	1.79439E-09
6820	1.79866E-09
6825	1.79091E-09
6830	1.78188E-09
6835	1.75347E-09
6840	1.70766E-09
6845	1.70226E-09
6850	1.71393E-09
6855	1.73223E-09
6860	1.7419E-09
6865	1.7321E-09
6870	1.70359E-09
6875	1.66756E-09
6880	1.63786E-09
6885	1.62397E-09
6890	1.62709E-09
6895	1.64097E-09
6900	1.65584E-09
6905	1.66366E-09
6910	1.66143E-09
6915	1.65177E-09
6920	1.64075E-09
6925	1.6338E-09
6930	1.63218E-09
6935	1.63247E-09
6940	1.62917E-09
6945	1.61936E-09
6950	1.6049E-09
6955	1.59142E-09
6960	1.58481E-09
6965	1.58651E-09
6970	1.59186E-09
6975	1.59425E-09
6980	1.58848E-09
6985	1.57351E-09
6990	1.55988E-09
6995	1.5584E-09
7000	1.56729E-09
7005	1.58114E-09
7010	1.59307E-09
7015	1.59175E-09
7020	1.57657E-09
7025	1.54919E-09
7030	1.53079E-09
7035	1.51776E-09
7040	1.51942E-09
7045	1.53023E-09
7050	1.53578E-09
7055	1.5283E-09
7060	1.51122E-09
7065	1.47975E-09
7070	1.47722E-09
7075	1.49197E-09
7080	1.49772E-09
7085	1.50718E-09
7090	1.51029E-09
7095	1.5098E-09
7100	1.50825E-09
7105	1.49397E-09
7110	1.49377E-09
7115	1.48315E-09
7120	1.47888E-09
7125	1.47685E-09
7130	1.47891E-09
7135	1.48414E-09
7140	1.47975E-09
7145	1.4752E-09
7150	1.46422E-09
7155	1.45324E-09
7160	1.446E-09
7165	1.43912E-09
7170	1.42618E-09
7175	1.41309E-09
7180	1.40955E-09
7185	1.39168E-09
7190	1.38952E-09
7195	1.39664E-09
7200	1.39243E-09
7205	1.39123E-09
7210	1.4058E-09
7215	1.41299E-09
7220	1.42026E-09
7225	1.41776E-09
7230	1.40283E-09
7235	1.37347E-09
7240	1.36113E-09
7245	1.34754E-09
7250	1.34805E-09
7255	1.35719E-09
7260	1.37337E-09
7265	1.3664E-09
7270	1.36469E-09
7275	1.33894E-09
7280	1.32204E-09
7285	1.32343E-09
7290	1.31929E-09
7295	1.32635E-09
7300	1.31453E-09
7305	1.30206E-09
7310	1.30057E-09
7315	1.30466E-09
7320	1.3127E-09
7325	1.33134E-09
7330	1.32702E-09
7335	1.31315E-09
7340	1.29989E-09
7345	1.28722E-09
7350	1.27559E-09
7355	1.28142E-09
7360	1.2856E-09
7365	1.2846E-09
7370	1.27468E-09
7375	1.27187E-09
7380	1.27348E-09
7385	1.27719E-09
7390	1.27773E-09
7395	1.27707E-09
7400	1.27133E-09
7405	1.26704E-09
7410	1.26682E-09
7415	1.26926E-09
7420	1.26762E-09
7425	1.26232E-09
7430	1.25068E-09
7435	1.23687E-09
7440	1.2296E-09
7445	1.22641E-09
7450	1.22879E-09
7455	1.22683E-09
7460	1.22074E-09
7465	1.22029E-09
7470	1.22582E-09
7475	1.23547E-09
7480	1.24753E-09
7485	1.24977E-09
7490	1.24147E-09
7495	1.22722E-09
7500	1.21039E-09
7505	1.19922E-09
7510	1.19496E-09
7515	1.19176E-09
7520	1.1895E-09
7525	1.18743E-09
7530	1.18409E-09
7535	1.18888E-09
7540	1.20035E-09
7545	1.21405E-09
7550	1.22295E-09
7555	1.22141E-09
7560	1.20728E-09
7565	1.18621E-09
7570	1.16934E-09
7575	1.16743E-09
7580	1.18323E-09
7585	1.20773E-09
7590	1.22493E-09
7595	1.22204E-09
7600	1.19971E-09
7605	1.17195E-09
7610	1.15631E-09
7615	1.16079E-09
7620	1.17714E-09
7625	1.18771E-09
7630	1.17945E-09
7635	1.15339E-09
7640	1.12325E-09
7645	1.10469E-09
7650	1.1033E-09
7655	1.11214E-09
7660	1.11959E-09
7665	1.11901E-09
7670	1.11253E-09
7675	1.10726E-09
7680	1.1081E-09
7685	1.11332E-09
7690	1.11726E-09
7695	1.11572E-09
7700	1.10936E-09
7705	1.11877E-09
7710	1.11783E-09
7715	1.11859E-09
7720	1.11982E-09
7725	1.11981E-09
7730	1.11736E-09
7735	1.11311E-09
7740	1.10709E-09
7745	1.10282E-09
7750	1.10128E-09
7755	1.09779E-09
7760	1.08856E-09
7765	1.0771E-09
7770	1.06419E-09
7775	1.05703E-09
7780	1.05908E-09
7785	1.06796E-09
7790	1.07747E-09
7795	1.07985E-09
7800	1.08738E-09
7805	1.08481E-09
7810	1.07814E-09
7815	1.07343E-09
7820	1.07137E-09
7825	1.07172E-09
7830	1.06972E-09
7835	1.06639E-09
7840	1.06763E-09
7845	1.06434E-09
7850	1.06362E-09
7855	1.05719E-09
7860	1.05493E-09
7865	1.04681E-09
7870	1.04572E-09
7875	1.04299E-09
7880	1.03827E-09
7885	1.03672E-09
7890	1.03383E-09
7895	1.03193E-09
7900	1.03062E-09
7905	1.03115E-09
7910	1.03445E-09
7915	1.03433E-09
7920	1.03011E-09
7925	1.02589E-09
7930	1.02297E-09
7935	1.01983E-09
7940	1.01451E-09
7945	1.01101E-09
7950	1.00821E-09
7955	1.00491E-09
7960	1.00579E-09
7965	1.00179E-09
7970	9.99535E-10
7975	9.9849E-10
7980	9.9564E-10
7985	9.95364E-10
7990	9.91647E-10
7995	9.90485E-10
8000	9.85157E-10
8005	9.81817E-10
8010	9.76325E-10
8015	9.72034E-10
8020	9.68128E-10
8025	9.66658E-10
8030	9.67322E-10
8035	9.7047E-10
8040	9.67395E-10
8045	9.64607E-10
8050	9.63547E-10
8055	9.6122E-10
8060	9.61079E-10
8065	9.57042E-10
8070	9.58933E-10
8075	9.57855E-10
8080	9.57761E-10
8085	9.54102E-10
8090	9.51401E-10
8095	9.49967E-10
8100	9.47945E-10
8105	9.50004E-10
8110	9.47931E-10
8115	9.43909E-10
8120	9.47052E-10
8125	9.42323E-10
8130	9.34921E-10
8135	9.23476E-10
8140	9.22456E-10
8145	9.12175E-10
8150	9.04563E-10
8155	8.99398E-10
8160	8.94421E-10
8165	8.87702E-10
8170	8.98214E-10
8175	8.97151E-10
8180	9.01398E-10
8185	9.05569E-10
8190	9.05511E-10
8195	9.03718E-10
8200	8.9975E-10
8205	9.03162E-10
8210	8.97173E-10
8215	8.88969E-10
8220	8.77647E-10
8225	8.61018E-10
8230	8.44458E-10
8235	8.659E-10
8240	8.83172E-10
8245	8.85637E-10
8250	8.92167E-10
8255	8.86519E-10
8260	8.86729E-10
8265	8.9139E-10
8270	8.87455E-10
8275	8.81364E-10
8280	8.83001E-10
8285	8.84914E-10
8290	8.82362E-10
8295	8.80932E-10
8300	8.77974E-10
8305	8.68761E-10
8310	8.60147E-10
8315	8.49663E-10
8320	8.39659E-10
8325	8.43503E-10
8330	8.47445E-10
8335	8.47162E-10
8340	8.52266E-10
8345	8.56684E-10
8350	8.55812E-10
8355	8.5615E-10
8360	8.4995E-10
8365	8.42498E-10
8370	8.33757E-10
8375	8.23625E-10
8380	8.18423E-10
8385	8.18609E-10
8390	8.18115E-10
8395	8.22286E-10
8400	8.19549E-10
8405	8.12982E-10
8410	8.05726E-10
8415	8.03239E-10
8420	8.01366E-10
8425	8.16202E-10
8430	8.20986E-10
8435	8.31317E-10
8439.6643	8.4148E-10
8440.0312	8.4127E-10
8440.3982	8.4084E-10
8440.7651	8.4045E-10
8441.1321	8.4003E-10
8441.4991	8.3955E-10
8441.8662	8.3887E-10
8442.2332	8.3784E-10
8442.6002	8.3626E-10
8442.9673	8.3360E-10
8443.3344	8.2860E-10
8443.7015	8.1768E-10
8444.0686	7.9465E-10
8444.4358	7.7299E-10
8444.8029	7.8506E-10
8445.1701	8.1104E-10
8445.5372	8.2457E-10
8445.9044	8.1841E-10
8446.2717	7.8934E-10
8446.6389	7.8917E-10
8447.0061	8.1674E-10
8447.3734	8.3493E-10
8447.7407	8.3741E-10
8448.108	8.3741E-10
8448.4753	8.3711E-10
8448.8426	8.3673E-10
8449.2099	8.3613E-10
8449.5773	8.3532E-10
8449.9447	8.3429E-10
8450.3121	8.3275E-10
8450.6795	8.2958E-10
8451.0469	8.2637E-10
8451.4143	8.2855E-10
8451.7818	8.3078E-10
8452.1492	8.3189E-10
8452.5167	8.3241E-10
8452.8842	8.3258E-10
8453.2517	8.3253E-10
8453.6193	8.3271E-10
8453.9868	8.3348E-10
8454.3544	8.3433E-10
8454.722	8.3493E-10
8455.0896	8.3540E-10
8455.4572	8.3570E-10
8455.8248	8.3596E-10
8456.1925	8.3609E-10
8456.5601	8.3617E-10
8456.9278	8.3622E-10
8457.2955	8.3617E-10
8457.6632	8.3613E-10
8458.0309	8.3600E-10
8458.3987	8.3587E-10
8458.7664	8.3570E-10
8459.1342	8.3549E-10
8459.502	8.3523E-10
8459.8698	8.3497E-10
8460.2376	8.3467E-10
8460.6054	8.3438E-10
8460.9733	8.3408E-10
8461.3412	8.3369E-10
8461.709	8.3335E-10
8462.0769	8.3296E-10
8462.4449	8.3258E-10
8462.8128	8.3215E-10
8463.1807	8.3172E-10
8463.5487	8.3129E-10
8463.9167	8.3086E-10
8464.2847	8.3044E-10
8464.6527	8.3001E-10
8465.0207	8.2958E-10
8465.3888	8.2920E-10
8465.7568	8.2881E-10
8466.1249	8.2851E-10
8466.493	8.2821E-10
8466.8611	8.2778E-10
8467.2292	8.2765E-10
8467.5974	8.2817E-10
8467.9655	8.2842E-10
8468.3337	8.2847E-10
8468.7019	8.2838E-10
8469.0701	8.2791E-10
8469.4383	8.2813E-10
8469.8065	8.2860E-10
8470.1748	8.2860E-10
8470.5431	8.2855E-10
8470.9113	8.2851E-10
8471.2797	8.2864E-10
8471.648	8.2881E-10
8472.0163	8.2894E-10
8472.3846	8.2907E-10
8472.753	8.2915E-10
8473.1214	8.2920E-10
8473.4898	8.2924E-10
8473.8582	8.2924E-10
8474.2266	8.2932E-10
8474.5951	8.2949E-10
8474.9635	8.2971E-10
8475.332	8.2988E-10
8475.7005	8.3001E-10
8476.069	8.3009E-10
8476.4375	8.3014E-10
8476.8061	8.2962E-10
8477.1746	8.2898E-10
8477.5432	8.2984E-10
8477.9118	8.3014E-10
8478.2804	8.3005E-10
8478.649	8.2992E-10
8479.0177	8.2954E-10
8479.3863	8.2804E-10
8479.755	8.2590E-10
8480.1237	8.2393E-10
8480.4924	8.1845E-10
8480.8611	8.1670E-10
8481.2298	8.2089E-10
8481.5986	8.2496E-10
8481.9673	8.2718E-10
8482.3361	8.2753E-10
8482.7049	8.2731E-10
8483.0737	8.2693E-10
8483.4426	8.2633E-10
8483.8114	8.2556E-10
8484.1803	8.2457E-10
8484.5491	8.2333E-10
8484.918	8.2183E-10
8485.2869	8.1978E-10
8485.6559	8.1687E-10
8486.0248	8.1353E-10
8486.3938	8.1254E-10
8486.7627	8.1464E-10
8487.1317	8.1687E-10
8487.5007	8.1815E-10
8487.8698	8.1862E-10
8488.2388	8.1845E-10
8488.6078	8.1811E-10
8488.9769	8.1871E-10
8489.346	8.1999E-10
8489.7151	8.2021E-10
8490.0842	8.1939E-10
8490.4534	8.2055E-10
8490.8225	8.2119E-10
8491.1917	8.2226E-10
8491.5609	8.2256E-10
8491.9301	8.2247E-10
8492.2993	8.2235E-10
8492.6685	8.2209E-10
8493.0377	8.2179E-10
8493.407	8.2145E-10
8493.7763	8.2110E-10
8494.1456	8.2068E-10
8494.5149	8.2008E-10
8494.8842	8.1785E-10
8495.2536	8.1207E-10
8495.6229	8.1387E-10
8495.9923	8.1734E-10
8496.3617	8.1717E-10
8496.7311	8.1644E-10
8497.1005	8.1571E-10
8497.47	8.1477E-10
8497.8394	8.1293E-10
8498.2089	8.1207E-10
8498.5784	8.1216E-10
8498.9479	8.1134E-10
8499.3174	8.0980E-10
8499.6869	8.0848E-10
8500.0565	8.0766E-10
8500.426	8.0689E-10
8500.7956	8.0775E-10
8501.1652	8.0775E-10
8501.5348	8.0728E-10
8501.9045	8.0668E-10
8502.2741	8.0586E-10
8502.6438	8.0604E-10
8503.0135	8.0702E-10
8503.3832	8.0753E-10
8503.7529	8.0762E-10
8504.1226	8.0779E-10
8504.4924	8.0839E-10
8504.8621	8.0908E-10
8505.2319	8.0967E-10
8505.6017	8.1019E-10
8505.9715	8.1066E-10
8506.3413	8.1104E-10
8506.7112	8.1130E-10
8507.081	8.1164E-10
8507.4509	8.1216E-10
8507.8208	8.1259E-10
8508.1907	8.1233E-10
8508.5606	8.1074E-10
8508.9305	8.1019E-10
8509.3005	8.1241E-10
8509.6705	8.1468E-10
8510.0404	8.1528E-10
8510.4105	8.1567E-10
8510.7805	8.1601E-10
8511.1505	8.1640E-10
8511.5206	8.1674E-10
8511.8906	8.1699E-10
8512.2607	8.1674E-10
8512.6308	8.1524E-10
8513.0009	8.1644E-10
8513.371	8.1789E-10
8513.7412	8.1824E-10
8514.1114	8.1841E-10
8514.4815	8.1858E-10
8514.8517	8.1849E-10
8515.2219	8.1789E-10
8515.5922	8.1841E-10
8515.9624	8.1896E-10
8516.3327	8.1901E-10
8516.7029	8.1888E-10
8517.0732	8.1815E-10
8517.4435	8.1374E-10
8517.8139	8.0240E-10
8518.1842	8.0064E-10
8518.5546	8.1207E-10
8518.9249	8.1785E-10
8519.2953	8.1888E-10
8519.6657	8.1905E-10
8520.0361	8.1909E-10
8520.4066	8.1905E-10
8520.777	8.1892E-10
8521.1475	8.1879E-10
8521.518	8.1866E-10
8521.8885	8.1845E-10
8522.259	8.1815E-10
8522.6295	8.1772E-10
8523.0001	8.1759E-10
8523.3707	8.1734E-10
8523.7412	8.1699E-10
8524.1118	8.1652E-10
8524.4824	8.1605E-10
8524.8531	8.1545E-10
8525.2237	8.1477E-10
8525.5944	8.1400E-10
8525.9651	8.1306E-10
8526.3358	8.1194E-10
8526.7065	8.1062E-10
8527.0772	8.0890E-10
8527.4479	8.0676E-10
8527.8187	8.0390E-10
8528.1895	7.9991E-10
8528.5603	7.9426E-10
8528.9311	7.8938E-10
8529.3019	7.9054E-10
8529.6727	7.9521E-10
8530.0436	7.9850E-10
8530.4145	8.0013E-10
8530.7853	8.0039E-10
8531.1562	7.9961E-10
8531.5272	7.9923E-10
8531.8981	8.0073E-10
8532.2691	8.0265E-10
8532.64	8.0394E-10
8533.011	8.0471E-10
8533.382	8.0509E-10
8533.753	8.0527E-10
8534.1241	8.0527E-10
8534.4951	8.0514E-10
8534.8662	8.0488E-10
8535.2372	8.0445E-10
8535.6083	8.0398E-10
8535.9795	8.0342E-10
8536.3506	8.0278E-10
8536.7217	8.0205E-10
8537.0929	8.0128E-10
8537.4641	8.0047E-10
8537.8353	7.9957E-10
8538.2065	7.9863E-10
8538.5777	7.9765E-10
8538.9489	7.9658E-10
8539.3202	7.9551E-10
8539.6915	7.9439E-10
8540.0628	7.9319E-10
8540.4341	7.9195E-10
8540.8054	7.9071E-10
8541.1767	7.8938E-10
8541.5481	7.8673E-10
8541.9195	7.7860E-10
8542.2909	7.7783E-10
8542.6623	7.8292E-10
8543.0337	7.8262E-10
8543.4051	7.8134E-10
8543.7766	7.8009E-10
8544.148	7.7894E-10
8544.5195	7.7770E-10
8544.891	7.7611E-10
8545.2625	7.7457E-10
8545.6341	7.7517E-10
8546.0056	7.7684E-10
8546.3772	7.7800E-10
8546.7488	7.7881E-10
8547.1204	7.7971E-10
8547.492	7.8069E-10
8547.8636	7.8176E-10
8548.2353	7.8283E-10
8548.6069	7.8395E-10
8548.9786	7.8506E-10
8549.3503	7.8617E-10
8549.722	7.8724E-10
8550.0937	7.8831E-10
8550.4655	7.8921E-10
8550.8372	7.9003E-10
8551.209	7.9084E-10
8551.5808	7.9174E-10
8551.9526	7.9264E-10
8552.3244	7.9354E-10
8552.6963	7.9435E-10
8553.0681	7.9516E-10
8553.44	7.9593E-10
8553.8119	7.9670E-10
8554.1838	7.9739E-10
8554.5557	7.9799E-10
8554.9277	7.9863E-10
8555.2996	7.9932E-10
8555.6716	7.9987E-10
8556.0436	8.0043E-10
8556.4156	8.0094E-10
8556.7876	8.0146E-10
8557.1596	8.0193E-10
8557.5317	8.0235E-10
8557.9037	8.0274E-10
8558.2758	8.0300E-10
8558.6479	8.0313E-10
8559.02	8.0360E-10
8559.3922	8.0407E-10
8559.7643	8.0437E-10
8560.1365	8.0458E-10
8560.5087	8.0479E-10
8560.8808	8.0497E-10
8561.2531	8.0514E-10
8561.6253	8.0522E-10
8561.9975	8.0531E-10
8562.3698	8.0535E-10
8562.7421	8.0522E-10
8563.1144	8.0321E-10
8563.4867	7.9944E-10
8563.859	8.0240E-10
8564.2313	8.0407E-10
8564.6037	8.0372E-10
8564.9761	8.0381E-10
8565.3485	8.0449E-10
8565.7209	8.0509E-10
8566.0933	8.0552E-10
8566.4657	8.0582E-10
8566.8382	8.0608E-10
8567.2107	8.0616E-10
8567.5831	8.0604E-10
8567.9556	8.0569E-10
8568.3282	8.0449E-10
8568.7007	8.0527E-10
8569.0733	8.0625E-10
8569.4458	8.0625E-10
8569.8184	8.0612E-10
8570.191	8.0599E-10
8570.5636	8.0586E-10
8570.9363	8.0574E-10
8571.3089	8.0569E-10
8571.6816	8.0561E-10
8572.0543	8.0527E-10
8572.427	8.0531E-10
8572.7997	8.0531E-10
8573.1724	8.0514E-10
8573.5451	8.0488E-10
8573.9179	8.0458E-10
8574.2907	8.0428E-10
8574.6635	8.0398E-10
8575.0363	8.0364E-10
8575.4091	8.0325E-10
8575.782	8.0278E-10
8576.1548	8.0231E-10
8576.5277	8.0180E-10
8576.9006	8.0120E-10
8577.2735	8.0047E-10
8577.6464	7.9970E-10
8578.0194	7.9880E-10
8578.3923	7.9777E-10
8578.7653	7.9649E-10
8579.1383	7.9495E-10
8579.5113	7.9307E-10
8579.8843	7.9063E-10
8580.2574	7.8737E-10
8580.6304	7.8288E-10
8581.0035	7.7603E-10
8581.3766	7.6537E-10
8581.7497	7.5167E-10
8582.1228	7.3515E-10
8582.4959	7.1284E-10
8582.8691	7.1764E-10
8583.2423	7.4859E-10
8583.6154	7.6691E-10
8583.9886	7.7166E-10
8584.3619	7.7295E-10
8584.7351	7.7633E-10
8585.1083	7.8001E-10
8585.4816	7.8215E-10
8585.8549	7.8326E-10
8586.2282	7.8390E-10
8586.6015	7.8408E-10
8586.9748	7.8390E-10
8587.3482	7.8348E-10
8587.7215	7.8288E-10
8588.0949	7.8206E-10
8588.4683	7.8112E-10
8588.8417	7.8014E-10
8589.2151	7.7907E-10
8589.5886	7.7783E-10
8589.9621	7.7654E-10
8590.3355	7.7513E-10
8590.709	7.7333E-10
8591.0825	7.7016E-10
8591.4561	7.6866E-10
8591.8296	7.6849E-10
8592.2032	7.6699E-10
8592.5767	7.6511E-10
8592.9503	7.6318E-10
8593.3239	7.6113E-10
8593.6976	7.5882E-10
8594.0712	7.5646E-10
8594.4448	7.5449E-10
8594.8185	7.5235E-10
8595.1922	7.4996E-10
8595.5659	7.4760E-10
8595.9396	7.4521E-10
8596.3134	7.4277E-10
8596.6871	7.4037E-10
8597.0609	7.3810E-10
8597.4347	7.3570E-10
8597.8085	7.3279E-10
8598.1823	7.2958E-10
8598.5561	7.2924E-10
8598.93	7.3206E-10
8599.3038	7.3480E-10
8599.6777	7.3694E-10
8600.0516	7.3896E-10
8600.4255	7.4101E-10
8600.7995	7.4311E-10
8601.1734	7.4512E-10
8601.5474	7.4713E-10
8601.9214	7.4927E-10
8602.2954	7.5137E-10
8602.6694	7.5334E-10
8603.0434	7.5527E-10
8603.4174	7.5711E-10
8603.7915	7.5882E-10
8604.1656	7.6023E-10
8604.5397	7.6177E-10
8604.9138	7.6357E-10
8605.2879	7.6503E-10
8605.6621	7.6631E-10
8606.0362	7.6755E-10
8606.4104	7.6866E-10
8606.7846	7.6969E-10
8607.1588	7.7046E-10
8607.533	7.7093E-10
8607.9073	7.7106E-10
8608.2815	7.7145E-10
8608.6558	7.7299E-10
8609.0301	7.7487E-10
8609.4044	7.7620E-10
8609.7787	7.7774E-10
8610.153	7.7920E-10
8610.5274	7.8027E-10
8610.9018	7.8121E-10
8611.2762	7.8211E-10
8611.6506	7.8288E-10
8612.025	7.8365E-10
8612.3994	7.8433E-10
8612.7739	7.8497E-10
8613.1483	7.8557E-10
8613.5228	7.8609E-10
8613.8973	7.8656E-10
8614.2718	7.8694E-10
8614.6464	7.8729E-10
8615.0209	7.8763E-10
8615.3955	7.8818E-10
8615.7701	7.8874E-10
8616.1447	7.8921E-10
8616.5193	7.8964E-10
8616.8939	7.9003E-10
8617.2686	7.9037E-10
8617.6432	7.9071E-10
8618.0179	7.9097E-10
8618.3926	7.9127E-10
8618.7673	7.9152E-10
8619.142	7.9174E-10
8619.5168	7.9195E-10
8619.8916	7.9217E-10
8620.2663	7.9234E-10
8620.6411	7.9251E-10
8621.0159	7.9259E-10
8621.3908	7.9268E-10
8621.7656	7.9281E-10
8622.1405	7.9298E-10
8622.5153	7.9311E-10
8622.8902	7.9319E-10
8623.2651	7.9328E-10
8623.6401	7.9324E-10
8624.015	7.9332E-10
8624.39	7.9341E-10
8624.7649	7.9341E-10
8625.1399	7.9345E-10
8625.5149	7.9354E-10
8625.89	7.9354E-10
8626.265	7.9354E-10
8626.64	7.9349E-10
8627.0151	7.9345E-10
8627.3902	7.9345E-10
8627.7653	7.9341E-10
8628.1404	7.9332E-10
8628.5156	7.9319E-10
8628.8907	7.9229E-10
8629.2659	7.9131E-10
8629.6411	7.9234E-10
8630.0163	7.9272E-10
8630.3915	7.9251E-10
8630.7667	7.9229E-10
8631.142	7.9191E-10
8631.5172	7.9105E-10
8631.8925	7.8878E-10
8632.2678	7.8176E-10
8632.6431	7.7170E-10
8633.0185	7.7419E-10
8633.3938	7.8433E-10
8633.7692	7.8904E-10
8634.1446	7.8977E-10
8634.52	7.8810E-10
8634.8954	7.8878E-10
8635.2708	7.9045E-10
8635.6463	7.9058E-10
8636.0217	7.9024E-10
8636.3972	7.8926E-10
8636.7727	7.8904E-10
8637.1482	7.8964E-10
8637.5237	7.8943E-10
8637.8993	7.8814E-10
8638.2748	7.8579E-10
8638.6504	7.8690E-10
8639.026	7.8814E-10
8639.4016	7.8793E-10
8639.7773	7.8759E-10
8640.1529	7.8694E-10
8640.5286	7.8536E-10
8640.9042	7.8506E-10
8641.2799	7.8566E-10
8641.6556	7.8536E-10
8642.0314	7.8485E-10
8642.4071	7.8425E-10
8642.7829	7.8360E-10
8643.1586	7.8292E-10
8643.5344	7.8215E-10
8643.9102	7.8129E-10
8644.286	7.8035E-10
8644.6619	7.7928E-10
8645.0377	7.7804E-10
8645.4136	7.7654E-10
8645.7895	7.7470E-10
8646.1654	7.7235E-10
8646.5413	7.6918E-10
8646.9173	7.6455E-10
8647.2932	7.5771E-10
8647.6692	7.4628E-10
8648.0452	7.3185E-10
8648.4212	7.2984E-10
8648.7972	7.4191E-10
8649.1732	7.5180E-10
8649.5493	7.5599E-10
8649.9253	7.5638E-10
8650.3014	7.5342E-10
8650.6775	7.4914E-10
8651.0536	7.5021E-10
8651.4298	7.5518E-10
8651.8059	7.5839E-10
8652.1821	7.5959E-10
8652.5583	7.5963E-10
8652.9345	7.5890E-10
8653.3107	7.5758E-10
8653.6869	7.5681E-10
8654.0632	7.5411E-10
8654.4394	7.5107E-10
8654.8157	7.5244E-10
8655.192	7.5184E-10
8655.5683	7.4991E-10
8655.9446	7.4816E-10
8656.321	7.4645E-10
8656.6973	7.4443E-10
8657.0737	7.4229E-10
8657.4501	7.3998E-10
8657.8265	7.3759E-10
8658.203	7.3510E-10
8658.5794	7.3245E-10
8658.9559	7.2971E-10
8659.3323	7.2684E-10
8659.7088	7.2380E-10
8660.0853	7.2059E-10
8660.4619	7.1717E-10
8660.8384	7.1370E-10
8661.215	7.0993E-10
8661.5915	7.0531E-10
8661.9681	6.9889E-10
8662.3447	6.9533E-10
8662.7214	6.9426E-10
8663.098	6.9144E-10
8663.4747	6.8784E-10
8663.8513	6.8390E-10
8664.228	6.7945E-10
8664.6047	6.7440E-10
8664.9814	6.7098E-10
8665.3582	6.7320E-10
8665.7349	6.7808E-10
8666.1117	6.8253E-10
8666.4885	6.8643E-10
8666.8653	6.9015E-10
8667.2421	6.9384E-10
8667.619	6.9743E-10
8667.9958	7.0090E-10
8668.3727	7.0428E-10
8668.7496	7.0753E-10
8669.1265	7.1070E-10
8669.5034	7.1370E-10
8669.8803	7.1648E-10
8670.2573	7.1914E-10
8670.6342	7.2183E-10
8671.0112	7.2457E-10
8671.3882	7.2727E-10
8671.7652	7.2975E-10
8672.1423	7.3211E-10
8672.5193	7.3433E-10
8672.8964	7.3647E-10
8673.2735	7.3853E-10
8673.6506	7.4045E-10
8674.0277	7.4225E-10
8674.4048	7.4396E-10
8674.782	7.4559E-10
8675.1591	7.4722E-10
8675.5363	7.4837E-10
8675.9135	7.4807E-10
8676.2907	7.4957E-10
8676.668	7.5270E-10
8677.0452	7.5432E-10
8677.4225	7.5561E-10
8677.7997	7.5672E-10
8678.177	7.5753E-10
8678.5543	7.5818E-10
8678.9317	7.5950E-10
8679.309	7.5989E-10
8679.6864	7.6040E-10
8680.0638	7.6010E-10
8680.4412	7.6096E-10
8680.8186	7.6383E-10
8681.196	7.6503E-10
8681.5734	7.6537E-10
8681.9509	7.6417E-10
8682.3284	7.5848E-10
8682.7059	7.5912E-10
8683.0834	7.6575E-10
8683.4609	7.6712E-10
8683.8384	7.6884E-10
8684.216	7.6982E-10
8684.5936	7.7033E-10
8684.9712	7.7076E-10
8685.3488	7.7119E-10
8685.7264	7.7136E-10
8686.104	7.7128E-10
8686.4817	7.7196E-10
8686.8594	7.7265E-10
8687.2371	7.7299E-10
8687.6148	7.7329E-10
8687.9925	7.7354E-10
8688.3702	7.7384E-10
8688.748	7.7406E-10
8689.1257	7.7432E-10
8689.5035	7.7453E-10
8689.8813	7.7474E-10
8690.2592	7.7474E-10
8690.637	7.7470E-10
8691.0149	7.7509E-10
8691.3927	7.7539E-10
8691.7706	7.7560E-10
8692.1485	7.7573E-10
8692.5264	7.7586E-10
8692.9044	7.7586E-10
8693.2823	7.7577E-10
8693.6603	7.7573E-10
8694.0383	7.7581E-10
8694.4163	7.7573E-10
8694.7943	7.7496E-10
8695.1723	7.7543E-10
8695.5504	7.7637E-10
8695.9284	7.7646E-10
8696.3065	7.7483E-10
8696.6846	7.7226E-10
8697.0627	7.7457E-10
8697.4409	7.7521E-10
8697.819	7.7337E-10
8698.1972	7.7496E-10
8698.5754	7.7543E-10
8698.9536	7.7354E-10
8699.3318	7.7509E-10
8699.71	7.7641E-10
8700.0883	7.7654E-10
8700.4665	7.7667E-10
8700.8448	7.7663E-10
8701.2231	7.7646E-10
8701.6014	7.7586E-10
8701.9798	7.7568E-10
8702.3581	7.7628E-10
8702.7365	7.7611E-10
8703.1149	7.7543E-10
8703.4932	7.7568E-10
8703.8717	7.7607E-10
8704.2501	7.7607E-10
8704.6285	7.7611E-10
8705.007	7.7603E-10
8705.3855	7.7590E-10
8705.764	7.7581E-10
8706.1425	7.7577E-10
8706.521	7.7568E-10
8706.8996	7.7556E-10
8707.2781	7.7543E-10
8707.6567	7.7539E-10
8708.0353	7.7530E-10
8708.4139	7.7517E-10
8708.7925	7.7500E-10
8709.1712	7.7491E-10
8709.5498	7.7474E-10
8709.9285	7.7329E-10
8710.3072	7.6635E-10
8710.6859	7.6481E-10
8711.0646	7.7196E-10
8711.4434	7.7333E-10
8711.8221	7.7307E-10
8712.2009	7.7359E-10
8712.5797	7.7359E-10
8712.9585	7.7342E-10
8713.3373	7.7324E-10
8713.7162	7.7307E-10
8714.095	7.7290E-10
8714.4739	7.7269E-10
8714.8528	7.7252E-10
8715.2317	7.7230E-10
8715.6106	7.7209E-10
8715.9896	7.7188E-10
8716.3685	7.7162E-10
8716.7475	7.7140E-10
8717.1265	7.7110E-10
8717.5055	7.7085E-10
8717.8845	7.7059E-10
8718.2635	7.7025E-10
8718.6426	7.6943E-10
8719.0217	7.6918E-10
8719.4008	7.6939E-10
8719.7799	7.6922E-10
8720.159	7.6892E-10
8720.5381	7.6858E-10
8720.9173	7.6824E-10
8721.2964	7.6785E-10
8721.6756	7.6742E-10
8722.0548	7.6618E-10
8722.4341	7.6438E-10
8722.8133	7.6537E-10
8723.1925	7.6580E-10
8723.5718	7.6537E-10
8723.9511	7.6490E-10
8724.3304	7.6438E-10
8724.7097	7.6387E-10
8725.0891	7.6327E-10
8725.4684	7.6267E-10
8725.8478	7.6199E-10
8726.2272	7.6130E-10
8726.6066	7.6053E-10
8726.986	7.5972E-10
8727.3654	7.5873E-10
8727.7449	7.5762E-10
8728.1243	7.5625E-10
8728.5038	7.5449E-10
8728.8833	7.5201E-10
8729.2628	7.4842E-10
8729.6424	7.4366E-10
8730.0219	7.4170E-10
8730.4015	7.4371E-10
8730.7811	7.4508E-10
8731.1607	7.4461E-10
8731.5403	7.4259E-10
8731.9199	7.3878E-10
8732.2996	7.3232E-10
8732.6792	7.2046E-10
8733.0589	7.0034E-10
8733.4386	6.8694E-10
8733.8183	6.9944E-10
8734.198	7.1734E-10
8734.5778	7.2560E-10
8734.9576	7.2731E-10
8735.3373	7.2504E-10
8735.7171	7.1764E-10
8736.097	7.1353E-10
8736.4768	7.1991E-10
8736.8566	7.2646E-10
8737.2365	7.2890E-10
8737.6164	7.2924E-10
8737.9963	7.2860E-10
8738.3762	7.2748E-10
8738.7561	7.2603E-10
8739.1361	7.2423E-10
8739.516	7.2209E-10
8739.896	7.1961E-10
8740.276	7.1725E-10
8740.656	7.1545E-10
8741.036	7.1374E-10
8741.4161	7.1169E-10
8741.7961	7.0933E-10
8742.1762	7.0676E-10
8742.5563	7.0411E-10
8742.9364	7.0128E-10
8743.3166	6.9837E-10
8743.6967	6.9533E-10
8744.0769	6.9217E-10
8744.457	6.8887E-10
8744.8372	6.8540E-10
8745.2174	6.8168E-10
8745.5977	6.7761E-10
8745.9779	6.7406E-10
8746.3582	6.7033E-10
8746.7384	6.6622E-10
8747.1187	6.6186E-10
8747.499	6.5736E-10
8747.8794	6.5270E-10
8748.2597	6.4782E-10
8748.6401	6.4268E-10
8749.0205	6.3729E-10
8749.4008	6.3138E-10
8749.7813	6.2479E-10
8750.1617	6.1802E-10
8750.5421	6.1537E-10
8750.9226	6.1995E-10
8751.3031	6.2671E-10
8751.6835	6.3283E-10
8752.0641	6.3831E-10
8752.4446	6.4341E-10
8752.8251	6.4820E-10
8753.2057	6.5283E-10
8753.5863	6.5719E-10
8753.9668	6.6143E-10
8754.3474	6.6541E-10
8754.7281	6.6926E-10
8755.1087	6.7295E-10
8755.4894	6.7650E-10
8755.87	6.7988E-10
8756.2507	6.8313E-10
8756.6314	6.8626E-10
8757.0122	6.8930E-10
8757.3929	6.9217E-10
8757.7737	6.9495E-10
8758.1544	6.9760E-10
8758.5352	7.0017E-10
8758.916	7.0265E-10
8759.2968	7.0501E-10
8759.6777	7.0732E-10
8760.0585	7.0950E-10
8760.4394	7.1160E-10
8760.8203	7.1361E-10
8761.2012	7.1554E-10
8761.5821	7.1738E-10
8761.9631	7.1918E-10
8762.344	7.2085E-10
8762.725	7.2230E-10
8763.106	7.2329E-10
8763.487	7.2470E-10
8763.868	7.2667E-10
8764.249	7.2817E-10
8764.6301	7.2949E-10
8765.0112	7.3074E-10
8765.3923	7.3189E-10
8765.7734	7.3296E-10
8766.1545	7.3403E-10
8766.5356	7.3515E-10
8766.9168	7.3613E-10
8767.2979	7.3703E-10
8767.6791	7.3793E-10
8768.0603	7.3878E-10
8768.4416	7.3960E-10
8768.8228	7.4037E-10
8769.204	7.4105E-10
8769.5853	7.4174E-10
8769.9666	7.4238E-10
8770.3479	7.4302E-10
8770.7292	7.4358E-10
8771.1106	7.4392E-10
8771.4919	7.4362E-10
8771.8733	7.4405E-10
8772.2547	7.4499E-10
8772.6361	7.4452E-10
8773.0175	7.4409E-10
8773.3989	7.4551E-10
8773.7804	7.4593E-10
8774.1618	7.4576E-10
8774.5433	7.4521E-10
8774.9248	7.4392E-10
8775.3064	7.4114E-10
8775.6879	7.3420E-10
8776.0694	7.1366E-10
8776.451	6.7136E-10
8776.8326	6.5124E-10
8777.2142	6.8660E-10
8777.5958	7.2350E-10
8777.9774	7.3840E-10
8778.3591	7.4396E-10
8778.7408	7.4662E-10
8779.1224	7.4829E-10
8779.5041	7.4936E-10
8779.8859	7.4987E-10
8780.2676	7.4812E-10
8785	7.83118E-10
8790	7.84603E-10
8795	7.78454E-10
8800	7.71052E-10
8805	7.6022E-10
8810	7.49871E-10
8815	7.4301E-10
8820	7.30752E-10
8825	7.2066E-10
8830	7.10689E-10
8835	7.00713E-10
8840	6.90633E-10
8845	6.84026E-10
8850	6.75725E-10
8855	6.6829E-10
8860	6.64305E-10
8865	6.6959E-10
8870	6.84502E-10
8875	7.02561E-10
8880	7.1226E-10
8885	7.21161E-10
8890	7.23891E-10
8895	7.26566E-10
8900	7.28341E-10
8905	7.33794E-10
8910	7.41083E-10
8915	7.44172E-10
8920	7.49482E-10
8925	7.44005E-10
8930	7.3852E-10
8935	7.32454E-10
8940	7.2498E-10
8945	7.1397E-10
8950	7.01929E-10
8955	6.97102E-10
8960	6.93014E-10
8965	6.85126E-10
8970	6.81042E-10
8975	6.80175E-10
8980	6.70552E-10
8985	6.46147E-10
8990	6.1865E-10
8995	6.13535E-10
9000	6.05549E-10
9005	6.01378E-10
9010	6.05451E-10
9015	6.09092E-10
9020	6.33537E-10
9025	6.47948E-10
9030	6.76156E-10
9035	6.92746E-10
9040	6.97461E-10
9045	6.97214E-10
9050	6.91148E-10
9055	6.76647E-10
9060	6.6661E-10
9065	6.61295E-10
9070	6.53778E-10
9075	6.53258E-10
9080	6.54881E-10
9085	6.59832E-10
9090	6.63586E-10
9095	6.64954E-10
9100	6.62704E-10
9105	6.61767E-10
9110	6.60174E-10
9115	6.57026E-10
9120	6.53632E-10
9125	6.54449E-10
9130	6.48147E-10
9135	6.48365E-10
9140	6.59088E-10
9145	6.63168E-10
9150	6.5405E-10
9155	6.45552E-10
9160	6.49273E-10
9165	6.52253E-10
9170	6.42053E-10
9175	6.31751E-10
9180	6.32927E-10
9185	6.28375E-10
9190	6.22432E-10
9195	6.10512E-10
9200	6.00554E-10
9205	5.90859E-10
9210	5.80332E-10
9215	5.68567E-10
9220	5.63427E-10
9225	5.58044E-10
9230	5.569E-10
9235	5.63126E-10
9240	5.80615E-10
9245	5.90931E-10
9250	5.99284E-10
9255	6.11651E-10
9260	6.1327E-10
9265	6.18276E-10
9270	6.23318E-10
9275	6.2383E-10
9280	6.21467E-10
9285	6.2363E-10
9290	6.18922E-10
9295	6.10043E-10
9300	5.97248E-10
9305	5.89105E-10
9310	5.78197E-10
9315	5.6077E-10
9320	5.56606E-10
9325	5.51876E-10
9330	5.55296E-10
9335	5.36881E-10
9340	5.27537E-10
9345	5.22259E-10
9350	5.56468E-10
9355	5.32655E-10
9360	5.48439E-10
9365	5.62494E-10
9370	5.59408E-10
9375	5.84067E-10
9380	5.87559E-10
9385	6.11775E-10
9390	6.40557E-10
9395	6.60547E-10
9400	6.42027E-10
9405	6.29722E-10
9410	6.15663E-10
9415	6.10508E-10
9420	5.90459E-10
9425	5.71794E-10
9430	5.63732E-10
9435	5.67819E-10
9440	5.37418E-10
9445	5.65293E-10
9450	5.84408E-10
9455	5.64519E-10
9460	5.66607E-10
9465	5.9259E-10
9470	5.96191E-10
9475	5.87835E-10
9480	5.72712E-10
9485	5.8545E-10
9490	5.7786E-10
9495	5.41865E-10
9500	5.23791E-10
9505	5.47154E-10
9510	5.62193E-10
9515	5.47542E-10
9520	5.19642E-10
9525	5.16789E-10
9530	5.20832E-10
9535	5.18752E-10
9540	5.09231E-10
9545	4.86119E-10
9550	5.0261E-10
9555	5.01078E-10
9560	5.38728E-10
9565	5.29E-10
9570	5.5788E-10
9575	5.63619E-10
9580	5.57372E-10
9585	5.54029E-10
9590	5.43342E-10
9595	5.43571E-10
9600	5.65503E-10
9605	5.60338E-10
9610	5.63587E-10
9615	5.57695E-10
9620	5.46413E-10
9625	5.50112E-10
9630	5.47034E-10
9635	5.43814E-10
9640	5.36743E-10
9645	5.50468E-10
9650	5.4193E-10
9655	5.4919E-10
9660	5.42888E-10
9665	5.47763E-10
9670	5.57891E-10
9675	5.54435E-10
9680	5.43611E-10
9685	5.39872E-10
9690	5.24397E-10
9695	5.16255E-10
9700	5.05369E-10
9705	5.07245E-10
9710	5.11779E-10
9715	5.01684E-10
9720	5.21214E-10
9725	5.25951E-10
9730	5.24281E-10
9735	5.14113E-10
9740	5.16858E-10
9745	5.22796E-10
9750	5.21446E-10
9755	5.21032E-10
9760	5.24183E-10
9765	5.24844E-10
9770	5.35345E-10
9775	5.29991E-10
9780	5.28372E-10
9785	5.17035E-10
9790	5.05826E-10
9795	5.07038E-10
9800	4.9551E-10
9805	4.99078E-10
9810	4.99005E-10
9815	5.0738E-10
9820	5.18429E-10
9825	5.05793E-10
9830	5.08E-10
9835	5.06272E-10
9840	5.07539E-10
9845	5.09158E-10
9850	5.104E-10
9855	4.94395E-10
9860	4.96722E-10
9865	4.89571E-10
9870	4.82079E-10
9875	4.72942E-10
9880	4.6754E-10
9885	4.74535E-10
9890	4.88079E-10
9895	4.93252E-10
9900	4.89589E-10
9905	5.05398E-10
9910	4.99546E-10
9915	5.04033E-10
9920	4.91742E-10
9925	4.77566E-10
9930	4.82975E-10
9935	4.81607E-10
9940	4.83988E-10
9945	4.8511E-10
9950	4.84061E-10
9955	4.83999E-10
9960	4.76681E-10
9965	4.83102E-10
9970	4.71054E-10
9975	4.71276E-10
9980	4.74071E-10
9985	4.74347E-10
9990	4.78445E-10
9995	4.8352E-10
10000	4.6876E-10
10005	4.68909E-10
10010	4.597E-10
10015	4.50334E-10
10020	4.49369E-10
10025	4.41804E-10
10030	4.30347E-10
10035	4.35854E-10
10040	4.2524E-10
10045	4.24695E-10
10050	4.10673E-10
10055	4.14296E-10
10060	4.19116E-10
10065	4.24979E-10
10070	4.43535E-10
10075	4.39789E-10
10080	4.76035E-10
10085	4.51078E-10
10090	4.50552E-10
10095	4.58059E-10
10100	4.43662E-10
10105	4.26681E-10
10110	4.49997E-10
10115	4.46628E-10
10120	4.44835E-10
10125	4.53772E-10
10130	4.45739E-10
10135	4.37985E-10
10140	4.36264E-10
10145	4.30725E-10
10150	4.24518E-10
10155	4.20205E-10
10160	4.20354E-10
10165	4.265E-10
10170	4.36017E-10
10175	4.45263E-10
10180	4.50574E-10
10185	4.49419E-10
10190	4.43738E-10
10195	4.36591E-10
10200	4.31037E-10
10205	4.29269E-10
10210	4.30024E-10
10215	4.31168E-10
10220	4.30576E-10
10225	4.26775E-10
10230	4.2096E-10
10235	4.14985E-10
10240	4.10705E-10
10245	4.0946E-10
10250	4.10517E-10
10255	4.12618E-10
10260	4.14521E-10
10265	4.15283E-10
10270	4.15228E-10
10275	4.14992E-10
10280	4.15218E-10
10285	4.1618E-10
10290	4.16702E-10
10295	4.15261E-10
10300	4.10321E-10
10305	3.99688E-10
10310	3.94142E-10
10315	3.89771E-10
10320	3.88425E-10
10325	3.91191E-10
10330	3.96146E-10
10335	4.00603E-10
10340	4.01885E-10
10345	3.98218E-10
10350	3.91488E-10
10355	3.8449E-10
10360	3.80014E-10
10365	3.80076E-10
10370	3.83597E-10
10375	3.88708E-10
10380	3.93546E-10
10385	3.96599E-10
10390	3.97706E-10
10395	3.97071E-10
10400	3.94875E-10
10405	3.9139E-10
10410	3.87194E-10
10415	3.82932E-10
10420	3.79259E-10
10425	3.76707E-10
10430	3.75342E-10
10435	3.75113E-10
10440	3.75974E-10
10445	3.77749E-10
10450	3.79807E-10
10455	3.8139E-10
10460	3.81738E-10
10465	3.8037E-10
10470	3.77854E-10
10475	3.7503E-10
10480	3.72736E-10
10485	3.71676E-10
10490	3.71992E-10
10495	3.73687E-10
10500	3.76772E-10
10505	3.80998E-10
10510	3.85139E-10
10515	3.87709E-10
10520	3.87227E-10
10525	3.82845E-10
10530	3.76228E-10
10535	3.69686E-10
10540	3.65516E-10
10545	3.65298E-10
10550	3.67748E-10
10555	3.70863E-10
10560	3.72634E-10
10565	3.7157E-10
10570	3.68224E-10
10575	3.6365E-10
10580	3.58916E-10
10585	3.54934E-10
10590	3.52001E-10
10595	3.50259E-10
10600	3.49849E-10
10605	3.5084E-10
10610	3.52941E-10
10615	3.55784E-10
10620	3.58996E-10
10625	3.57177E-10
10630	3.56557E-10
10635	3.55932E-10
10640	3.55308E-10
10645	3.54687E-10
10650	3.54063E-10
10655	3.53442E-10
10660	3.52821E-10
10665	3.52201E-10
10670	3.51584E-10
10675	3.50963E-10
10680	3.50346E-10
10685	3.49725E-10
10690	3.49108E-10
10695	3.48491E-10
10700	3.47874E-10
10705	3.4726E-10
10710	3.46643E-10
10715	3.4603E-10
10720	3.45413E-10
10725	3.44799E-10
10730	3.44186E-10
10735	3.43576E-10
10740	3.42962E-10
10745	3.42349E-10
10750	3.41739E-10
10755	3.41129E-10
10760	3.40519E-10
10765	3.3991E-10
10770	3.393E-10
10775	3.38694E-10
10780	3.38084E-10
10785	3.37477E-10
10790	3.36871E-10
10795	3.36265E-10
10800	3.35659E-10
10805	3.35053E-10
10810	3.3445E-10
10815	3.33844E-10
10820	3.33241E-10
10825	3.32639E-10
10830	3.32036E-10
10835	3.31434E-10
10840	3.30835E-10
10845	3.30232E-10
10850	3.29633E-10
10855	3.29034E-10
10860	3.28435E-10
10865	3.27836E-10
10870	3.27241E-10
10875	3.26642E-10
10880	3.26047E-10
10885	3.25451E-10
10890	3.24856E-10
10895	3.24261E-10
10900	3.23665E-10
10905	3.23074E-10
10910	3.22478E-10
10915	3.21887E-10
10920	3.21295E-10
10925	3.20703E-10
10930	3.20115E-10
10935	3.19523E-10
10940	3.18935E-10
10945	3.18344E-10
10950	3.17756E-10
10955	3.17168E-10
10960	3.16583E-10
10965	3.15995E-10
10970	3.15411E-10
10975	3.14826E-10
10980	3.14238E-10
10985	3.13657E-10
10990	3.13073E-10
10995	3.12489E-10
11000	3.11908E-10
11005	3.11327E-10
11010	3.10746E-10
11015	3.10165E-10
11020	3.09585E-10
11025	3.09004E-10
11030	3.08427E-10
11035	3.07849E-10
11040	3.07272E-10
11045	3.06695E-10
11050	3.06118E-10
11055	3.05544E-10
11060	3.04967E-10
11065	3.04394E-10
11070	3.0382E-10
11075	3.03247E-10
11080	3.02677E-10
11085	3.02103E-10
11090	3.01533E-10
11095	3.00963E-10
11100	3.00393E-10
11105	2.99823E-10
11110	2.99254E-10
11115	2.98687E-10
11120	2.98117E-10
11125	2.97551E-10
11130	2.96985E-10
11135	2.96422E-10
11140	2.95856E-10
11145	2.95293E-10
11150	2.94727E-10
11155	2.94164E-10
11160	2.93602E-10
11165	2.93043E-10
11170	2.9248E-10
11175	2.91921E-10
11180	2.91362E-10
11185	2.90803E-10
11190	2.90244E-10
11195	2.89685E-10
11200	2.8913E-10
11205	2.88574E-10
11210	2.88015E-10
11215	2.87463E-10
11220	2.86908E-10
11225	2.86353E-10
11230	2.85801E-10
11235	2.85249E-10
11240	2.84697E-10
11245	2.84146E-10
11250	2.83594E-10
11255	2.83046E-10
11260	2.82497E-10
11265	2.81949E-10
11270	2.81401E-10
11275	2.80853E-10
11280	2.80305E-10
11285	2.7976E-10
11290	2.79216E-10
11295	2.78671E-10
11300	2.78127E-10
11305	2.77586E-10
11310	2.77042E-10
11315	2.76501E-10
11320	2.7596E-10
11325	2.75419E-10
11330	2.74882E-10
11335	2.74341E-10
11340	2.73804E-10
11345	2.73266E-10
11350	2.72729E-10
11355	2.72192E-10
11360	2.71658E-10
11365	2.71121E-10
11370	2.70587E-10
11375	2.70054E-10
11380	2.69524E-10
11385	2.6899E-10
11390	2.6846E-10
11395	2.6793E-10
11400	2.674E-10
11405	2.6687E-10
11410	2.6634E-10
11415	2.65814E-10
11420	2.65288E-10
11425	2.64761E-10
11430	2.64235E-10
11435	2.63709E-10
11440	2.63186E-10
11445	2.62663E-10
11450	2.6214E-10
11455	2.61618E-10
11460	2.61095E-10
11465	2.60576E-10
11470	2.60053E-10
11475	2.59534E-10
11480	2.59019E-10
11485	2.585E-10
11490	2.57984E-10
11495	2.57465E-10
11500	2.5695E-10
11505	2.56434E-10
11510	2.55922E-10
11515	2.55407E-10
11520	2.54895E-10
11525	2.54383E-10
11530	2.53871E-10
11535	2.53363E-10
11540	2.52851E-10
11545	2.52343E-10
11550	2.51835E-10
11555	2.51327E-10
11560	2.50822E-10
11565	2.50314E-10
11570	2.49809E-10
11575	2.49305E-10
11580	2.488E-10
11585	2.48299E-10
11590	2.47795E-10
11595	2.47294E-10
11600	2.46793E-10
11605	2.46292E-10
11610	2.45795E-10
11615	2.45294E-10
11620	2.44796E-10
11625	2.44299E-10
11630	2.43805E-10
11635	2.43308E-10
11640	2.42814E-10
11645	2.42321E-10
11650	2.41827E-10
11655	2.41333E-10
11660	2.40843E-10
11665	2.4035E-10
11670	2.3986E-10
11675	2.39369E-10
11680	2.38883E-10
11685	2.38393E-10
11690	2.37907E-10
11695	2.3742E-10
11700	2.36934E-10
11705	2.36451E-10
11710	2.35968E-10
11715	2.35482E-10
11720	2.35003E-10
11725	2.3452E-10
11730	2.34037E-10
11735	2.33558E-10
11740	2.33079E-10
11745	2.326E-10
11750	2.32124E-10
11755	2.31645E-10
11760	2.31169E-10
11765	2.30694E-10
11770	2.30218E-10
11775	2.29746E-10
11780	2.29271E-10
11785	2.28799E-10
11790	2.28327E-10
11795	2.27859E-10
11800	2.27387E-10
11805	2.26919E-10
11810	2.2645E-10
11815	2.25982E-10
11820	2.25517E-10
11825	2.25049E-10
11830	2.24584E-10
11835	2.2412E-10
11840	2.23655E-10
11845	2.23194E-10
11850	2.22733E-10
11855	2.22272E-10
11860	2.21811E-10
11865	2.2135E-10
11870	2.20893E-10
11875	2.20435E-10
11880	2.19978E-10
11885	2.19521E-10
11890	2.19067E-10
11895	2.18613E-10
11900	2.18159E-10
11905	2.17706E-10
11910	2.17252E-10
11915	2.16802E-10
11920	2.16352E-10
11925	2.15902E-10
11930	2.15451E-10
11935	2.15005E-10
11940	2.14558E-10
11945	2.14112E-10
11950	2.13665E-10
11955	2.13223E-10
11960	2.12776E-10
11965	2.12333E-10
11970	2.11894E-10
11975	2.11451E-10
11980	2.11012E-10
11985	2.10573E-10
11990	2.10133E-10
11995	2.09694E-10
12000	2.09259E-10
12005	2.08823E-10
12010	2.08387E-10
12015	2.07952E-10
12020	2.07516E-10
12025	2.07084E-10
12030	2.06652E-10
12035	2.0622E-10
12040	2.05792E-10
12045	2.05364E-10
12050	2.04932E-10
12055	2.04507E-10
12060	2.04079E-10
12065	2.03654E-10
12070	2.03229E-10
12075	2.02804E-10
12080	2.0238E-10
12085	2.01959E-10
12090	2.01534E-10
12095	2.01117E-10
12100	2.00695E-10
12105	2.00274E-10
12110	1.99857E-10
12115	1.99439E-10
12120	1.99022E-10
12125	1.98608E-10
12130	1.98194E-10
12135	1.97781E-10
12140	1.97367E-10
12145	1.96953E-10
12150	1.96543E-10
12155	1.96133E-10
12160	1.95722E-10
12165	1.95316E-10
12170	1.94906E-10
12175	1.94499E-10
12180	1.94092E-10
12185	1.9369E-10
12190	1.93287E-10
12195	1.9288E-10
12200	1.92481E-10
12205	1.92078E-10
12210	1.91679E-10
12215	1.91279E-10
12220	1.9088E-10
12225	1.90481E-10
12230	1.90085E-10
12235	1.89689E-10
12240	1.89294E-10
12245	1.88898E-10
12250	1.88506E-10
12255	1.88114E-10
12260	1.87722E-10
12265	1.8733E-10
12270	1.86941E-10
12275	1.86549E-10
12280	1.86161E-10
12285	1.85776E-10
12290	1.85388E-10
12295	1.85003E-10
12300	1.84618E-10
12305	1.84233E-10
12310	1.83852E-10
12315	1.83471E-10
12320	1.8309E-10
12325	1.82709E-10
12330	1.82328E-10
12335	1.8195E-10
12340	1.81573E-10
12345	1.81195E-10
12350	1.80821E-10
12355	1.80444E-10
12360	1.8007E-10
12365	1.79696E-10
12370	1.79326E-10
12375	1.78952E-10
12380	1.78581E-10
12385	1.78211E-10
12390	1.77845E-10
12395	1.77474E-10
12400	1.77108E-10
12405	1.76741E-10
12410	1.76374E-10
12415	1.76011E-10
12420	1.75648E-10
12425	1.75285E-10
12430	1.74922E-10
12435	1.74559E-10
12440	1.742E-10
12445	1.73841E-10
12450	1.73481E-10
12455	1.73122E-10
12460	1.72766E-10
12465	1.7241E-10
12470	1.72055E-10
12475	1.71699E-10
12480	1.71343E-10
12485	1.70991E-10
12490	1.70639E-10
12495	1.70287E-10
12500	1.69938E-10
12505	1.6959E-10
12510	1.69238E-10
12515	1.68893E-10
12520	1.68545E-10
12525	1.68196E-10
12530	1.67851E-10
12535	1.67506E-10
12540	1.67165E-10
12545	1.6682E-10
12550	1.66479E-10
12555	1.66138E-10
12560	1.65797E-10
12565	1.65455E-10
12570	1.65118E-10
12575	1.6478E-10
12580	1.64443E-10
12585	1.64105E-10
12590	1.63771E-10
12595	1.63433E-10
12600	1.631E-10
12605	1.62766E-10
12610	1.62435E-10
12615	1.62101E-10
12620	1.61771E-10
12625	1.61441E-10
12630	1.61114E-10
12635	1.60784E-10
12640	1.60457E-10
12645	1.6013E-10
12650	1.59803E-10
12655	1.59477E-10
12660	1.59154E-10
12665	1.58831E-10
12670	1.58508E-10
12675	1.58185E-10
12680	1.57865E-10
12685	1.57542E-10
12690	1.57223E-10
12695	1.56903E-10
12700	1.56587E-10
12705	1.56268E-10
12710	1.55952E-10
12715	1.55636E-10
12720	1.5532E-10
12725	1.55008E-10
12730	1.54692E-10
12735	1.5438E-10
12740	1.54068E-10
12745	1.53756E-10
12750	1.53447E-10
12755	1.53139E-10
12760	1.5283E-10
12765	1.52522E-10
12770	1.52213E-10
12775	1.51908E-10
12780	1.516E-10
12785	1.51295E-10
12790	1.50993E-10
12795	1.50689E-10
12800	1.50387E-10
12805	1.50086E-10
12810	1.49785E-10
12815	1.49483E-10
12820	1.49182E-10
12825	1.48884E-10
12830	1.48587E-10
12835	1.48289E-10
12840	1.47991E-10
12845	1.47697E-10
12850	1.474E-10
12855	1.47106E-10
12860	1.46815E-10
12865	1.46521E-10
12870	1.46227E-10
12875	1.45937E-10
12880	1.45646E-10
12885	1.45356E-10
12890	1.45069E-10
12895	1.44779E-10
12900	1.44492E-10
12905	1.44205E-10
12910	1.43919E-10
12915	1.43635E-10
12920	1.43349E-10
12925	1.43066E-10
12930	1.42782E-10
12935	1.42499E-10
12940	1.4222E-10
12945	1.41937E-10
12950	1.41657E-10
12955	1.41378E-10
12960	1.41098E-10
12965	1.40822E-10
12970	1.40543E-10
12975	1.40267E-10
12980	1.39991E-10
12985	1.39715E-10
12990	1.39443E-10
12995	1.39167E-10
13000	1.38895E-10
13005	1.38622E-10
13010	1.3835E-10
13015	1.38082E-10
13020	1.37809E-10
13025	1.37541E-10
13030	1.37272E-10
13035	1.37003E-10
13040	1.36738E-10
13045	1.3647E-10
13050	1.36205E-10
13055	1.3594E-10
13060	1.35675E-10
13065	1.35414E-10
13070	1.35149E-10
13075	1.34887E-10
13080	1.34626E-10
13085	1.34364E-10
13090	1.34103E-10
13095	1.33845E-10
13100	1.33588E-10
13105	1.3333E-10
13110	1.33072E-10
13115	1.32814E-10
13120	1.32557E-10
13125	1.32303E-10
13130	1.32049E-10
13135	1.31794E-10
13140	1.3154E-10
13145	1.3129E-10
13150	1.31036E-10
13155	1.30785E-10
13160	1.30535E-10
13165	1.30284E-10
13170	1.30037E-10
13175	1.29787E-10
13180	1.2954E-10
13185	1.29293E-10
13190	1.29047E-10
13195	1.288E-10
13200	1.28556E-10
13205	1.28313E-10
13210	1.2807E-10
13215	1.27827E-10
13220	1.27584E-10
13225	1.2734E-10
13230	1.27101E-10
13235	1.26861E-10
13240	1.26622E-10
13245	1.26382E-10
13250	1.26143E-10
13255	1.25907E-10
13260	1.25671E-10
13265	1.25431E-10
13270	1.25199E-10
13275	1.24963E-10
13280	1.24727E-10
13285	1.24494E-10
13290	1.24262E-10
13295	1.2403E-10
13300	1.23798E-10
13305	1.23565E-10
13310	1.23337E-10
13315	1.23104E-10
13320	1.22876E-10
13325	1.22647E-10
13330	1.22422E-10
13335	1.22193E-10
13340	1.21968E-10
13345	1.21743E-10
13350	1.21514E-10
13355	1.21293E-10
13360	1.21068E-10
13365	1.20843E-10
13370	1.20621E-10
13375	1.204E-10
13380	1.20178E-10
13385	1.19957E-10
13390	1.19739E-10
13395	1.19518E-10
13400	1.193E-10
13405	1.19082E-10
13410	1.18864E-10
13415	1.18647E-10
13420	1.18429E-10
13425	1.18215E-10
13430	1.18E-10
13435	1.17786E-10
13440	1.17572E-10
13445	1.17358E-10
13450	1.17147E-10
13455	1.16933E-10
13460	1.16723E-10
13465	1.16512E-10
13470	1.16302E-10
13475	1.16091E-10
13480	1.15884E-10
13485	1.15674E-10
13490	1.15467E-10
13495	1.1526E-10
13500	1.15053E-10
13505	1.1485E-10
13510	1.14643E-10
13515	1.14439E-10
13520	1.14236E-10
13525	1.14033E-10
13530	1.1383E-10
13535	1.13626E-10
13540	1.13427E-10
13545	1.13223E-10
13550	1.13024E-10
13555	1.12824E-10
13560	1.12624E-10
13565	1.12425E-10
13570	1.12229E-10
13575	1.12033E-10
13580	1.11833E-10
13585	1.11637E-10
13590	1.11441E-10
13595	1.11249E-10
13600	1.11053E-10
13605	1.1086E-10
13610	1.10668E-10
13615	1.10472E-10
13620	1.10283E-10
13625	1.10091E-10
13630	1.09898E-10
13635	1.09709E-10
13640	1.09521E-10
13645	1.09328E-10
13650	1.09143E-10
13655	1.08954E-10
13660	1.08766E-10
13665	1.08581E-10
13670	1.08392E-10
13675	1.08207E-10
13680	1.08022E-10
13685	1.07836E-10
13690	1.07655E-10
13695	1.0747E-10
13700	1.07288E-10
13705	1.07107E-10
13710	1.06922E-10
13715	1.06744E-10
13720	1.06562E-10
13725	1.06381E-10
13730	1.06203E-10
13735	1.06021E-10
13740	1.05844E-10
13745	1.05666E-10
13750	1.05491E-10
13755	1.05314E-10
13760	1.05136E-10
13765	1.04961E-10
13770	1.04787E-10
13775	1.04613E-10
13780	1.04439E-10
13785	1.04264E-10
13790	1.0409E-10
13795	1.0392E-10
13800	1.03749E-10
13805	1.03575E-10
13810	1.03404E-10
13815	1.03237E-10
13820	1.03067E-10
13825	1.02896E-10
13830	1.02729E-10
13835	1.02562E-10
13840	1.02391E-10
13845	1.02228E-10
13850	1.02061E-10
13855	1.01894E-10
13860	1.01727E-10
13865	1.01564E-10
13870	1.014E-10
13875	1.01237E-10
13880	1.01074E-10
13885	1.0091E-10
13890	1.00747E-10
13895	1.00587E-10
13900	1.00424E-10
13905	1.00264E-10
13910	1.00105E-10
13915	9.99448E-11
13920	9.97851E-11
13925	9.9629E-11
13930	9.94693E-11
13935	9.93132E-11
13940	9.91571E-11
13945	9.89974E-11
13950	9.88449E-11
13955	9.86888E-11
13960	9.85327E-11
13965	9.83803E-11
13970	9.82242E-11
13975	9.80717E-11
13980	9.79193E-11
13985	9.77668E-11
13990	9.76143E-11
13995	9.74619E-11
14000	9.7313E-11
14005	9.71606E-11
14010	9.70118E-11
14015	9.68629E-11
14020	9.67141E-11
14025	9.65653E-11
14030	9.64164E-11
14035	9.62712E-11
14040	9.61224E-11
14045	9.59772E-11
14050	9.5832E-11
14055	9.56868E-11
14060	9.55416E-11
14065	9.53964E-11
14070	9.52512E-11
14075	9.51096E-11
14080	9.49644E-11
14085	9.48229E-11
14090	9.46813E-11
14095	9.45397E-11
14100	9.43982E-11
14105	9.42566E-11
14110	9.41186E-11
14115	9.39771E-11
14120	9.38391E-11
14125	9.37012E-11
14130	9.35633E-11
14135	9.34253E-11
14140	9.32874E-11
14145	9.31494E-11
14150	9.30151E-11
14155	9.28772E-11
14160	9.27429E-11
14165	9.26086E-11
14170	9.24743E-11
14175	9.23399E-11
14180	9.22056E-11
14185	9.20713E-11
14190	9.19406E-11
14195	9.18063E-11
14200	9.16757E-11
14205	9.1545E-11
14210	9.14143E-11
14215	9.12836E-11
14220	9.11529E-11
14225	9.10223E-11
14230	9.08952E-11
14235	9.07645E-11
14240	9.06375E-11
14245	9.05104E-11
14250	9.03834E-11
14255	9.02563E-11
14260	9.01293E-11
14265	9.00022E-11
14270	8.98788E-11
14275	8.97518E-11
14280	8.96283E-11
14285	8.95049E-11
14290	8.93815E-11
14295	8.92581E-11
14300	8.91347E-11
14305	8.90112E-11
14310	8.88914E-11
14315	8.8768E-11
14320	8.86482E-11
14325	8.85284E-11
14330	8.8405E-11
14335	8.82852E-11
14340	8.81691E-11
14345	8.80493E-11
14350	8.79295E-11
14355	8.78133E-11
14360	8.76935E-11
14365	8.75774E-11
14370	8.74612E-11
14375	8.73451E-11
14380	8.72289E-11
14385	8.71127E-11
14390	8.69966E-11
14395	8.68804E-11
14400	8.67679E-11
14405	8.66517E-11
14410	8.65392E-11
14415	8.64267E-11
14420	8.63141E-11
14425	8.62016E-11
14430	8.60891E-11
14435	8.59766E-11
14440	8.58677E-11
14445	8.57551E-11
14450	8.56462E-11
14455	8.55373E-11
14460	8.54248E-11
14465	8.53159E-11
14470	8.5207E-11
14475	8.51017E-11
14480	8.49928E-11
14485	8.48839E-11
14490	8.47787E-11
14495	8.46698E-11
14500	8.45645E-11
14505	8.44592E-11
14510	8.43539E-11
14515	8.42487E-11
14520	8.41434E-11
14525	8.40381E-11
14530	8.39329E-11
14535	8.38312E-11
14540	8.3726E-11
14545	8.36243E-11
14550	8.35227E-11
14555	8.3421E-11
14560	8.33194E-11
14565	8.32178E-11
14570	8.31161E-11
14575	8.30145E-11
14580	8.29165E-11
14585	8.28148E-11
14590	8.27168E-11
14595	8.26152E-11
14600	8.25172E-11
14605	8.24192E-11
14610	8.23211E-11
14615	8.22231E-11
14620	8.21251E-11
14625	8.20307E-11
14630	8.19327E-11
14635	8.18347E-11
14640	8.17403E-11
14645	8.1646E-11
14650	8.1548E-11
14655	8.14536E-11
14660	8.13592E-11
14665	8.12648E-11
14670	8.11741E-11
14675	8.10797E-11
14680	8.09853E-11
14685	8.08946E-11
14690	8.08002E-11
14695	8.07094E-11
14700	8.06187E-11
14705	8.05243E-11
14710	8.04335E-11
14715	8.03428E-11
14720	8.02557E-11
14725	8.01649E-11
14730	8.00742E-11
14735	7.99834E-11
14740	7.98963E-11
14745	7.98092E-11
14750	7.97184E-11
14755	7.96313E-11
14760	7.95442E-11
14765	7.94571E-11
14770	7.937E-11
14775	7.92828E-11
14780	7.91957E-11
14785	7.91122E-11
14790	7.90251E-11
14795	7.89416E-11
14800	7.88545E-11
14805	7.8771E-11
14810	7.86875E-11
14815	7.86004E-11
14820	7.85169E-11
14825	7.84334E-11
14830	7.83499E-11
14835	7.82701E-11
14840	7.81866E-11
14845	7.81031E-11
14850	7.80232E-11
14855	7.79397E-11
14860	7.78599E-11
14865	7.778E-11
14870	7.77002E-11
14875	7.76167E-11
14880	7.75368E-11
14885	7.74606E-11
14890	7.73807E-11
14895	7.73009E-11
14900	7.7221E-11
14905	7.71448E-11
14910	7.70649E-11
14915	7.69887E-11
14920	7.69088E-11
14925	7.68326E-11
14930	7.67564E-11
14935	7.66801E-11
14940	7.66039E-11
14945	7.65277E-11
14950	7.64514E-11
14955	7.63752E-11
14960	7.6299E-11
14965	7.62264E-11
14970	7.61501E-11
14975	7.60775E-11
14980	7.60013E-11
14985	7.59287E-11
14990	7.58561E-11
14995	7.57835E-11
15000	7.57073E-11