   1.1974828399999999E+03    0.0000000000000000E+00
   1.2071011200000000E+03    1.5214563000000000E-05
   1.2167966600000000E+03    3.0769870999999999E-05
   1.2265700800000000E+03    4.6678273999999999E-05
   1.2364219800000001E+03    6.2952733000000001E-05
   1.2463530400000000E+03    7.9606853000000003E-05
   1.2563638599999999E+03    9.6654916999999995E-05
   1.2664550800000000E+03    1.1411193000000000E-04
   1.2766273400000000E+03    1.3199364000000000E-04
   1.2868813200000000E+03    1.5031663000000001E-04
   1.2972176600000000E+03    1.6909828000000001E-04
   1.3076370400000001E+03    1.8835691999999999E-04
   1.3181400800000001E+03    2.0811178000000000E-04
   1.3287275000000000E+03    2.2838310999999999E-04
   1.3393999600000002E+03    2.4919223000000002E-04
   1.3501581200000001E+03    2.7056155000000003E-04
   1.3610027200000000E+03    2.9251469999999998E-04
   1.3719344000000001E+03    3.1507653000000001E-04
   1.3829539000000002E+03    3.3827322999999999E-04
   1.3940618999999999E+03    3.6213240000000001E-04
   1.4052591200000002E+03    3.8668311999999998E-04
   1.4165462800000000E+03    4.1195604000000000E-04
   1.4279241000000000E+03    4.3798346999999999E-04
   1.4393933199999999E+03    4.6479950000000001E-04
   1.4509546400000002E+03    4.9244008000000003E-04
   1.4626088399999999E+03    5.2094312999999997E-04
   1.4743566400000000E+03    5.5034867000000002E-04
   1.4861988000000001E+03    5.8069893999999997E-04
   1.4981360800000000E+03    6.1203851999999995E-04
   1.5101692200000000E+03    6.4441450999999997E-04
   1.5222990400000001E+03    6.7787659000000003E-04
   1.5345262800000000E+03    7.1247726999999999E-04
   1.5468517199999999E+03    7.4827202000000005E-04
   1.5592761600000001E+03    7.8531939999999995E-04
   1.5718004000000001E+03    8.2368131000000000E-04
   1.5844252400000000E+03    8.6342316999999996E-04
   1.5971514799999998E+03    9.0461407000000003E-04
   1.6099799400000002E+03    9.4732705999999996E-04
   1.6229114400000001E+03    9.9163931999999991E-04
   1.6359467999999999E+03    1.0376324000000001E-03
   1.6490868599999999E+03    1.0853926999999999E-03
   1.6623324600000001E+03    1.1350111000000000E-03
   1.6756844599999999E+03    1.1865841999999999E-03
   1.6891436999999999E+03    1.2402136000000000E-03
   1.7027110399999999E+03    1.2960070000000001E-03
   1.7163873599999999E+03    1.3540780999999999E-03
   1.7301735400000000E+03    1.4145471000000000E-03
   1.7440704400000000E+03    1.4775407999999999E-03
   1.7580789600000001E+03    1.5431934999999999E-03
   1.7722000000000000E+03    1.6116468000000001E-03
   1.7864344599999999E+03    1.6830502000000000E-03
   1.8007832599999999E+03    1.7575617000000000E-03
   1.8152473000000000E+03    1.8353480000000001E-03
   1.8298275200000000E+03    1.9165849999999999E-03
   1.8445248600000000E+03    2.0014582999999999E-03
   1.8593402400000000E+03    2.0901635000000001E-03
   1.8742746199999999E+03    2.1829071000000000E-03
   1.8893289600000001E+03    2.2799064000000001E-03
   1.9045042000000001E+03    2.3813903999999999E-03
   1.9198013400000000E+03    2.4876003000000001E-03
   1.9352213600000000E+03    2.5987898000000001E-03
   1.9507652200000000E+03    2.7152258000000002E-03
   1.9664339399999999E+03    2.8371886999999998E-03
   1.9822285000000002E+03    2.9649734999999998E-03
   1.9981499200000001E+03    3.0988894999999998E-03
   2.0141992000000000E+03    3.2392615000000000E-03
   2.0303773999999999E+03    3.3864298000000001E-03
   2.0466856000000000E+03    3.5407512000000000E-03
   2.0631248000000001E+03    3.7025990000000000E-03
   2.0796959999999999E+03    3.8723639000000001E-03
   2.0964002000000000E+03    4.0504540000000002E-03
   2.1132388000000001E+03    4.2372957000000001E-03
   2.1302123999999999E+03    4.4333335999999996E-03
   2.1473224000000000E+03    4.6390310000000001E-03
   2.1645700000000002E+03    4.8548704000000000E-03
   2.1819560000000001E+03    5.0813535999999996E-03
   2.1994816000000001E+03    5.3190017999999997E-03
   2.2171479999999997E+03    5.5683557000000003E-03
   2.2349564000000000E+03    5.8299759000000001E-03
   2.2529078000000000E+03    6.1044423000000004E-03
   2.2710032000000001E+03    6.3923547999999997E-03
   2.2892442000000001E+03    6.6943322000000000E-03
   2.3076316000000002E+03    7.0110129000000004E-03
   2.3261666000000000E+03    7.3430535000000002E-03
   2.3448505999999998E+03    7.6911295000000003E-03
   2.3636848000000000E+03    8.0559336000000006E-03
   2.3826700000000001E+03    8.4381759000000008E-03
   2.4018078000000000E+03    8.8385827000000000E-03
   2.4210994000000001E+03    9.2578955999999997E-03
   2.4405457999999999E+03    9.6968708000000001E-03
   2.4601486000000000E+03    1.0156277999999999E-02
   2.4799085999999998E+03    1.0636896999999999E-02
   2.4998274000000001E+03    1.1139522000000001E-02
   2.5199061999999999E+03    1.1664953000000000E-02
   2.5401464000000001E+03    1.2213999000000000E-02
   2.5605490000000000E+03    1.2787475000000000E-02
   2.5811156000000001E+03    1.3386201000000000E-02
   2.6018474000000001E+03    1.4010996000000000E-02
   2.6227456000000002E+03    1.4662684000000000E-02
   2.6438117999999999E+03    1.5342085000000000E-02
   2.6650470000000000E+03    1.6050012999999998E-02
   2.6864530000000000E+03    1.6787280000000002E-02
   2.7080308000000000E+03    1.7554687999999999E-02
   2.7297817999999997E+03    1.8353028000000000E-02
   2.7517078000000001E+03    1.9183077999999999E-02
   2.7738096000000000E+03    2.0045601999999999E-02
   2.7960891999999999E+03    2.0941346999999999E-02
   2.8185475999999999E+03    2.1871038999999998E-02
   2.8411864000000000E+03    2.2835380999999998E-02
   2.8640070000000001E+03    2.3835055000000001E-02
   2.8870110000000000E+03    2.4870713999999999E-02
   2.9101997999999999E+03    2.5942982000000000E-02
   2.9335747999999999E+03    2.7052455999999999E-02
   2.9571374000000001E+03    2.8199696000000000E-02
   2.9808894000000000E+03    2.9385231000000001E-02
   3.0048321999999998E+03    3.0609549999999999E-02
   3.0289671999999996E+03    3.1873108999999997E-02
   3.0532961999999998E+03    3.3176322000000001E-02
   3.0778203999999996E+03    3.4519561999999997E-02
   3.1025418000000000E+03    3.5903160000000003E-02
   3.1274615999999996E+03    3.7327406000000000E-02
   3.1525817999999999E+03    3.8792545999999997E-02
   3.1779035999999996E+03    4.0298779000000000E-02
   3.2034288000000001E+03    4.1846261000000003E-02
   3.2291590000000001E+03    4.3435103000000003E-02
   3.2550958000000001E+03    4.5065368000000001E-02
   3.2812410000000000E+03    4.6737076000000002E-02
   3.3075962000000000E+03    4.8450198000000000E-02
   3.3341632000000000E+03    5.0204662999999997E-02
   3.3609434000000001E+03    5.2000353999999999E-02
   3.3879387999999999E+03    5.3837106000000003E-02
   3.4151509999999998E+03    5.5714715999999997E-02
   3.4425817999999999E+03    5.7632933999999997E-02
   3.4702329999999997E+03    5.9591469000000001E-02
   3.4981062000000002E+03    6.1589988999999998E-02
   3.5262031999999999E+03    6.3628123999999994E-02
   3.5545259999999998E+03    6.5705462000000006E-02
   3.5830762000000000E+03    6.7821557000000005E-02
   3.6118558000000003E+03    6.9975925999999994E-02
   3.6408665999999998E+03    7.2168052999999996E-02
   3.6701102000000001E+03    7.4397389999999994E-02
   3.6995890000000004E+03    7.6663355000000002E-02
   3.7293044000000000E+03    7.8965341999999994E-02
   3.7592584000000002E+03    8.1302712999999999E-02
   3.7894531999999999E+03    8.3674807000000004E-02
   3.8198903999999998E+03    8.6080940999999994E-02
   3.8505720000000001E+03    8.8520405999999996E-02
   3.8815002000000004E+03    9.0992476000000003E-02
   3.9126765999999998E+03    9.3496405000000005E-02
   3.9441035999999999E+03    9.6031432999999999E-02
   3.9757829999999999E+03    9.8596784000000007E-02
   4.0077168000000001E+03    1.0119167000000000E-01
   4.0399071999999996E+03    1.0381528000000000E-01
   4.0723559999999998E+03    1.0646682000000000E-01
   4.1050655999999999E+03    1.0914546999999999E-01
   4.1380378000000001E+03    1.1185038999999999E-01
   4.1712748000000001E+03    1.1458077000000000E-01
   4.2047790000000005E+03    1.1733577000000001E-01
   4.2385519999999997E+03    1.2011455000000000E-01
   4.2725964000000004E+03    1.2291629000000000E-01
   4.3069143999999997E+03    1.2574014000000000E-01
   4.3415078000000003E+03    1.2858528999999999E-01
   4.3763791999999994E+03    1.3145088999999999E-01
   4.4115306000000000E+03    1.3433613000000000E-01
   4.4469643999999998E+03    1.3724017999999999E-01
   4.4826828000000005E+03    1.4016223999999999E-01
   4.5186882000000005E+03    1.4310150999999999E-01
   4.5549826000000003E+03    1.4605716999999999E-01
   4.5915685999999996E+03    1.4902846000000000E-01
   4.6284485999999997E+03    1.5201459000000000E-01
   4.6656246000000001E+03    1.5501477999999999E-01
   4.7030991999999997E+03    1.5802830000000001E-01
   4.7408750000000000E+03    1.6105439999999999E-01
   4.7789542000000001E+03    1.6409233000000001E-01
   4.8173389999999999E+03    1.6714139000000000E-01
   4.8560324000000001E+03    1.7020087000000000E-01
   4.8950364000000000E+03    1.7327007000000000E-01
   4.9343537999999999E+03    1.7634832000000000E-01
   4.9739870000000001E+03    1.7943495000000001E-01
   5.0139384000000000E+03    1.8252931999999999E-01
   5.0542107999999998E+03    1.8563078000000000E-01
   5.0948065999999999E+03    1.8873872000000000E-01
   5.1357285999999995E+03    1.9185252000000000E-01
   5.1769791999999998E+03    1.9497159999999999E-01
   5.2185612000000001E+03    1.9809537999999999E-01
   5.2604769999999999E+03    2.0122329999999999E-01
   5.3027295999999997E+03    2.0435481000000000E-01
   5.3453216000000002E+03    2.0748938000000000E-01
   5.3882557999999999E+03    2.1062649000000000E-01
   5.4315346000000000E+03    2.1376564000000001E-01
   5.4751611999999996E+03    2.1690633000000001E-01
   5.5191381999999994E+03    2.2004810999999999E-01
   5.5634683999999997E+03    2.2319048999999999E-01
   5.6081545999999998E+03    2.2633305000000001E-01
   5.6531997999999994E+03    2.2947534999999999E-01
   5.6986068000000005E+03    2.3261696000000001E-01
   5.7443783999999996E+03    2.3575748999999999E-01
   5.7905178000000005E+03    2.3889655000000001E-01
   5.8370277999999998E+03    2.4203374999999999E-01
   5.8839111999999996E+03    2.4516873000000000E-01
   5.9311714000000002E+03    2.4830113000000001E-01
   5.9788109999999997E+03    2.5143062999999999E-01
   6.0268333999999995E+03    2.5455687999999999E-01
   6.0752413999999999E+03    2.5767957000000002E-01
   6.1240381999999991E+03    2.6079840999999998E-01
   6.1732269999999999E+03    2.6391308000000002E-01
   6.2228107999999993E+03    2.6702332000000001E-01
   6.2727930000000006E+03    2.7012883999999998E-01
   6.3231766000000007E+03    2.7322939000000002E-01
   6.3739650000000001E+03    2.7632472000000002E-01
   6.4251611999999996E+03    2.7941459000000002E-01
   6.4767685999999994E+03    2.8249876000000002E-01
   6.5287906000000003E+03    2.8557701000000002E-01
   6.5812304000000004E+03    2.8864912999999998E-01
   6.6340914000000002E+03    2.9171490999999999E-01
   6.6873769999999995E+03    2.9477417000000000E-01
   6.7410906000000004E+03    2.9782670999999999E-01
   6.7952356000000009E+03    3.0087236000000001E-01
   6.8498154000000004E+03    3.0391095000000001E-01
   6.9048338000000003E+03    3.0694230000000000E-01
   6.9602939999999999E+03    3.0996627999999998E-01
   7.0161995999999999E+03    3.1298271999999999E-01
   7.0725543999999991E+03    3.1599148999999999E-01
   7.1293618000000006E+03    3.1899245999999998E-01
   7.1866254000000008E+03    3.2198549999999998E-01
   7.2443490000000002E+03    3.2497048000000001E-01
   7.3025361999999996E+03    3.2794729000000000E-01
   7.3611907999999994E+03    3.3091582000000003E-01
   7.4203166000000001E+03    3.3387596000000003E-01
   7.4799171999999999E+03    3.3682762999999999E-01
   7.5399964000000000E+03    3.3977073000000002E-01
   7.6005583999999999E+03    3.4270516000000001E-01
   7.6616068000000005E+03    3.4563085999999998E-01
   7.7231454000000003E+03    3.4854773000000000E-01
   7.7851783999999998E+03    3.5145569999999998E-01
   7.8477095999999992E+03    3.5435472000000001E-01
   7.9107430000000004E+03    3.5724471000000002E-01
   7.9742828000000000E+03    3.6012560999999998E-01
   8.0383330000000005E+03    3.6299736999999999E-01
   8.1028976000000002E+03    3.6585993000000000E-01
   8.1679806000000008E+03    3.6871324999999999E-01
   8.2335866000000005E+03    3.7155727999999999E-01
   8.2997194000000000E+03    3.7439198000000001E-01
   8.3663835999999992E+03    3.7721730999999997E-01
   8.4335830000000005E+03    3.8003323999999999E-01
   8.5013222000000005E+03    3.8283972999999999E-01
   8.5696056000000008E+03    3.8563674999999997E-01
   8.6384374000000007E+03    3.8842428000000001E-01
   8.7078222000000005E+03    3.9120229000000001E-01
   8.7777640000000010E+03    3.9397075999999998E-01
   8.8482677999999996E+03    3.9672967999999997E-01
   8.9193378000000012E+03    3.9947902000000002E-01
   8.9909788000000008E+03    4.0221878000000000E-01
   9.0631949999999997E+03    4.0494892999999998E-01
   9.1359914000000008E+03    4.0766947999999997E-01
   9.2093726000000006E+03    4.1038039999999998E-01
   9.2833430000000008E+03    4.1308170000000000E-01
   9.3579076000000005E+03    4.1577336999999998E-01
   9.4330709999999999E+03    4.1845541000000003E-01
   9.5088384000000005E+03    4.2112781999999999E-01
   9.5852142000000003E+03    4.2379060000000002E-01
   9.6622034000000003E+03    4.2644374000000002E-01
   9.7398109999999997E+03    4.2908726000000003E-01
   9.8180419999999995E+03    4.3172115999999999E-01
   9.8969014000000006E+03    4.3434545000000002E-01
   9.9763942000000006E+03    4.3696012000000001E-01
   1.0056525400000000E+04    4.3956519999999999E-01
   1.0137300200000000E+04    4.4216067999999997E-01
   1.0218724000000000E+04    4.4474659000000000E-01
   1.0300801600000001E+04    4.4732293000000001E-01
   1.0383538399999999E+04    4.4988971999999999E-01
   1.0466940000000001E+04    4.5244697000000000E-01
   1.0551011399999999E+04    4.5499468999999998E-01
   1.0635758000000000E+04    4.5753290000000002E-01
   1.0721185200000000E+04    4.6006162000000000E-01
   1.0807298799999999E+04    4.6258085999999998E-01
   1.0894103799999999E+04    4.6509064000000000E-01
   1.0981606200000002E+04    4.6759097999999999E-01
   1.1069811399999999E+04    4.7008190000000000E-01
   1.1158725200000001E+04    4.7256342000000001E-01
   1.1248353000000001E+04    4.7503556000000002E-01
   1.1338700800000001E+04    4.7749833000000003E-01
   1.1429774200000000E+04    4.7995177000000000E-01
   1.1521579000000000E+04    4.8239588000000000E-01
   1.1614121399999998E+04    4.8483070000000000E-01
   1.1707406999999999E+04    4.8725625000000000E-01
   1.1801441799999999E+04    4.8967253999999999E-01
   1.1896232000000000E+04    4.9207961000000000E-01
   1.1991783600000001E+04    4.9447746999999997E-01
   1.2088102600000000E+04    4.9686616000000000E-01
   1.2185195400000001E+04    4.9924568000000002E-01
   1.2283067800000001E+04    5.0161608000000002E-01
   1.2381726400000000E+04    5.0397736999999998E-01
   1.2481177600000001E+04    5.0632957000000001E-01
   1.2581427400000000E+04    5.0867271999999997E-01
   1.2682482599999999E+04    5.1100683999999996E-01
   1.2784349399999999E+04    5.1333194999999998E-01
   1.2887034399999999E+04    5.1564807999999995E-01
   1.2990544000000000E+04    5.1795524999999998E-01
   1.3094885200000001E+04    5.2025350000000004E-01
   1.3200064399999999E+04    5.2254283999999995E-01
   1.3306088600000001E+04    5.2482331000000004E-01
   1.3412964199999999E+04    5.2709492000000002E-01
   1.3520698200000001E+04    5.2935770999999998E-01
   1.3629297600000000E+04    5.3161170999999996E-01
   1.3738769399999999E+04    5.3385693000000001E-01
   1.3849120400000000E+04    5.3609340000000005E-01
   1.3960357599999999E+04    5.3832115999999997E-01
   1.4072488400000000E+04    5.4054022000000002E-01
   1.4185519800000000E+04    5.4275061999999996E-01
   1.4299459199999999E+04    5.4495238000000001E-01
   1.4414313600000001E+04    5.4714552000000005E-01
   1.4530090600000001E+04    5.4933008000000005E-01
   1.4646797600000000E+04    5.5150608000000001E-01
   1.4764441799999999E+04    5.5367354999999996E-01
   1.4883031200000001E+04    5.5583251000000000E-01
   1.5002573000000000E+04    5.5798298999999996E-01
   1.5123074800000000E+04    5.6012501000000003E-01
   1.5244544800000000E+04    5.6225860999999999E-01
   1.5366990200000000E+04    5.6438379999999999E-01
   1.5490419199999998E+04    5.6650062000000001E-01
   1.5614839599999999E+04    5.6860909000000004E-01
   1.5740259199999999E+04    5.7070922999999996E-01
   1.5866686399999999E+04    5.7280107999999996E-01
   1.5994128999999999E+04    5.7488466000000005E-01
   1.6122595200000000E+04    5.7695998999999998E-01
   1.6252093200000001E+04    5.7902710999999996E-01
   1.6382631399999998E+04    5.8108603000000003E-01
   1.6514218199999999E+04    5.8313678000000002E-01
   1.6646861799999999E+04    5.8517938999999997E-01
   1.6780570800000001E+04    5.8721387999999997E-01
   1.6915353799999997E+04    5.8924027999999995E-01
   1.7051219399999998E+04    5.9125861000000002E-01
   1.7188176200000002E+04    5.9326889999999999E-01
   1.7326233000000000E+04    5.9527118000000001E-01
   1.7465398799999999E+04    5.9726546000000003E-01
   1.7605682400000002E+04    5.9925178000000001E-01
   1.7747092799999999E+04    6.0123015999999996E-01
   1.7889638999999999E+04    6.0320061999999997E-01
   1.8033330000000002E+04    6.0516318999999996E-01
   1.8178175400000000E+04    6.0711789000000005E-01
   1.8324183999999997E+04    6.0906475000000004E-01
   1.8471365399999999E+04    6.1100379000000005E-01
   1.8619728999999999E+04    6.1293503000000005E-01
   1.8769284199999998E+04    6.1485849999999997E-01
   1.8920040800000002E+04    6.1677422999999998E-01
   1.9072008200000000E+04    6.1868224000000005E-01
   1.9225196000000000E+04    6.2058254999999996E-01
   1.9379614600000001E+04    6.2247518000000002E-01
   1.9535273200000000E+04    6.2436016000000005E-01
   1.9692182199999999E+04    6.2623751000000005E-01
   1.9850351599999998E+04    6.2810725999999995E-01
   2.0009792000000001E+04    6.2996943000000005E-01
   2.0170511999999999E+04    6.3182404000000003E-01
   2.0332522000000001E+04    6.3367112000000003E-01
   2.0495835999999999E+04    6.3551067999999999E-01
   2.0660459999999999E+04    6.3734276000000001E-01
   2.0826406000000003E+04    6.3916737000000001E-01
   2.0993686000000002E+04    6.4098454000000005E-01
   2.1162307999999997E+04    6.4279428999999999E-01
   2.1332286000000000E+04    6.4459664000000005E-01
   2.1503630000000001E+04    6.4639161000000001E-01
   2.1676347999999998E+04    6.4817924000000005E-01
   2.1850453999999998E+04    6.4995952999999995E-01
   2.2025959999999999E+04    6.5173250999999999E-01
   2.2202874000000000E+04    6.5349820999999997E-01
   2.2381207999999999E+04    6.5525665000000000E-01
   2.2560976000000002E+04    6.5700784000000001E-01
   2.2742187999999998E+04    6.5875181000000005E-01
   2.2924856000000000E+04    6.6048857999999999E-01
   2.3108990000000002E+04    6.6221817999999999E-01
   2.3294603999999999E+04    6.6394061999999998E-01
   2.3481707999999999E+04    6.6565593000000001E-01
   2.3670313999999998E+04    6.6736413000000006E-01
   2.3860436000000002E+04    6.6906522999999996E-01
   2.4052085999999999E+04    6.7075927000000002E-01
   2.4245273999999998E+04    6.7244625999999996E-01
   2.4440013999999999E+04    6.7412622000000000E-01
   2.4636317999999999E+04    6.7579917000000000E-01
   2.4834200000000001E+04    6.7746514000000002E-01
   2.5033669999999998E+04    6.7912415000000004E-01
   2.5234742000000002E+04    6.8077620999999999E-01
   2.5437430000000000E+04    6.8242135000000004E-01
   2.5641745999999999E+04    6.8405959000000005E-01
   2.5847702000000001E+04    6.8569095000000002E-01
   2.6055313999999998E+04    6.8731544000000000E-01
   2.6264592000000001E+04    6.8893309999999996E-01
   2.6475552000000003E+04    6.9054393999999997E-01
   2.6688206000000002E+04    6.9214798000000000E-01
   2.6902567999999999E+04    6.9374524000000004E-01
   2.7118650000000001E+04    6.9533573999999998E-01
   2.7336470000000001E+04    6.9691950000000003E-01
   2.7556040000000001E+04    6.9849654999999999E-01
   2.7777372000000003E+04    7.0006689000000000E-01
   2.8000482000000004E+04    7.0163056000000001E-01
   2.8225383999999998E+04    7.0318756999999998E-01
   2.8452092000000001E+04    7.0473794999999995E-01
   2.8680622000000003E+04    7.0628170000000001E-01
   2.8910987999999998E+04    7.0781886000000005E-01
   2.9143203999999998E+04    7.0934944000000000E-01
   2.9377284000000000E+04    7.1087345999999996E-01
   2.9613243999999999E+04    7.1239094000000003E-01
   2.9851099999999999E+04    7.1390189999999998E-01
   3.0090867999999999E+04    7.1540636000000002E-01
   3.0332560000000001E+04    7.1690434000000003E-01
   3.0576194000000000E+04    7.1839586000000000E-01
   3.0821784000000000E+04    7.1988094000000002E-01
   3.1069347999999998E+04    7.2135959000000005E-01
   3.1318897999999997E+04    7.2283185000000005E-01
   3.1570456000000002E+04    7.2429772000000003E-01
   3.1824032000000003E+04    7.2575723000000003E-01
   3.2079644000000000E+04    7.2721038999999998E-01
   3.2337312000000002E+04    7.2865721999999999E-01
   3.2597047999999999E+04    7.3009774999999999E-01
   3.2858870000000003E+04    7.3153199999999996E-01
   3.3122794000000002E+04    7.3295997000000002E-01
   3.3388839999999997E+04    7.3438170000000003E-01
   3.3657022000000004E+04    7.3579718999999999E-01
   3.3927358000000000E+04    7.3720648000000000E-01
   3.4199866000000002E+04    7.3860957000000005E-01
   3.4474562000000005E+04    7.4000648999999996E-01
   3.4751464000000000E+04    7.4139725000000001E-01
   3.5030592000000004E+04    7.4278188000000001E-01
   3.5311959999999999E+04    7.4416039000000000E-01
   3.5595587999999996E+04    7.4553281000000005E-01
   3.5881495999999999E+04    7.4689914000000002E-01
   3.6169697999999997E+04    7.4825942000000001E-01
   3.6460216000000000E+04    7.4961365000000002E-01
   3.6753067999999999E+04    7.5096185999999998E-01
   3.7048272000000004E+04    7.5230406999999999E-01
   3.7345847999999998E+04    7.5364028999999999E-01
   3.7645812000000005E+04    7.5497053999999997E-01
   3.7948186000000002E+04    7.5629484000000002E-01
   3.8252989999999998E+04    7.5761321999999998E-01
   3.8560239999999998E+04    7.5892568000000005E-01
   3.8869959999999999E+04    7.6023225000000005E-01
   3.9182165999999997E+04    7.6153294999999999E-01
   3.9496882000000005E+04    7.6282779000000001E-01
   3.9814123999999996E+04    7.6411678999999999E-01
   4.0133913999999997E+04    7.6539997999999998E-01
   4.0456273999999998E+04    7.6667735999999997E-01
   4.0781222000000002E+04    7.6794896000000001E-01
   4.1108779999999999E+04    7.6921479999999998E-01
   4.1438968000000001E+04    7.7047489000000002E-01
   4.1771809999999998E+04    7.7172925000000003E-01
   4.2107324000000001E+04    7.7297791000000005E-01
   4.2445534000000007E+04    7.7422086999999995E-01
   4.2786459999999999E+04    7.7545816000000001E-01
   4.3130125999999997E+04    7.7668979999999999E-01
   4.3476550000000003E+04    7.7791580000000005E-01
   4.3825758000000002E+04    7.7913617999999996E-01
   4.4177769999999997E+04    7.8035096999999998E-01
   4.4532610000000001E+04    7.8156017000000000E-01
   4.4890300000000003E+04    7.8276380999999995E-01
   4.5250862000000001E+04    7.8396189999999999E-01
   4.5614320000000000E+04    7.8515447000000005E-01
   4.5980697999999997E+04    7.8634152000000002E-01
   4.6350019999999997E+04    7.8752308999999998E-01
   4.6722305999999997E+04    7.8869918000000006E-01
   4.7097584000000003E+04    7.8986981999999994E-01
   4.7475875999999997E+04    7.9103502000000003E-01
   4.7857205999999998E+04    7.9219479999999998E-01
   4.8241599999999999E+04    7.9334917999999999E-01
   4.8629080000000002E+04    7.9449818000000005E-01
   4.9019674000000006E+04    7.9564182000000006E-01
   4.9413404000000002E+04    7.9678009999999999E-01
   4.9810295999999995E+04    7.9791305999999995E-01
   5.0210375999999997E+04    7.9904070999999999E-01
   5.0613669999999998E+04    8.0016306000000004E-01
   5.1020204000000005E+04    8.0128014000000003E-01
   5.1430002000000000E+04    8.0239196000000002E-01
   5.1843094000000005E+04    8.0349853999999998E-01
   5.2259502000000000E+04    8.0459990000000003E-01
   5.2679254000000001E+04    8.0569606000000005E-01
   5.3102377999999997E+04    8.0678702999999996E-01
   5.3528902000000002E+04    8.0787282999999999E-01
   5.3958849999999999E+04    8.0895348000000000E-01
   5.4392252000000000E+04    8.1002900000000000E-01
   5.4829135999999999E+04    8.1109940000000003E-01
   5.5269527999999998E+04    8.1216471000000001E-01
   5.5713455999999998E+04    8.1322492999999996E-01
   5.6160952000000005E+04    8.1428009999999995E-01
   5.6612042000000001E+04    8.1533021999999999E-01
   5.7066754000000001E+04    8.1637530999999997E-01
   5.7525120000000003E+04    8.1741538999999996E-01
   5.7987165999999997E+04    8.1845049000000003E-01
   5.8452924000000006E+04    8.1948061000000005E-01
   5.8922424000000006E+04    8.2050577000000002E-01
   5.9395694000000003E+04    8.2152599999999998E-01
   5.9872764000000003E+04    8.2254130000000003E-01
   6.0353667999999998E+04    8.2355170000000000E-01
   6.0838434000000001E+04    8.2455721999999998E-01
   6.1327092000000004E+04    8.2555787000000003E-01
   6.1819678000000000E+04    8.2655367000000002E-01
   6.2316218000000001E+04    8.2754463000000000E-01
   6.2816748000000000E+04    8.2853078000000002E-01
   6.3321295999999995E+04    8.2951213000000001E-01
   6.3829898000000001E+04    8.3048869999999997E-01
   6.4342585999999996E+04    8.3146050999999999E-01
   6.4859392000000000E+04    8.3242757000000001E-01
   6.5380347999999998E+04    8.3338990000000002E-01
   6.5905487999999998E+04    8.3434752000000001E-01
   6.6434845999999990E+04    8.3530044999999997E-01
   6.6968455999999991E+04    8.3624869999999996E-01
   6.7506354000000007E+04    8.3719228999999995E-01
   6.8048570000000007E+04    8.3813124000000006E-01
   6.8595142000000007E+04    8.3906557000000004E-01
   6.9146104000000007E+04    8.3999528999999995E-01
   6.9701491999999998E+04    8.4092042000000000E-01
   7.0261339999999997E+04    8.4184097999999996E-01
   7.0825684000000008E+04    8.4275697999999999E-01
   7.1394562000000005E+04    8.4366843999999996E-01
   7.1968009999999995E+04    8.4457537999999999E-01
   7.2546063999999998E+04    8.4547782000000005E-01
   7.3128759999999995E+04    8.4637576999999997E-01
   7.3716135999999999E+04    8.4726926000000002E-01
   7.4308229999999996E+04    8.4815828999999998E-01
   7.4905080000000002E+04    8.4904288000000006E-01
   7.5506724000000002E+04    8.4992305999999995E-01
   7.6113199999999997E+04    8.5079883000000001E-01
   7.6724547999999995E+04    8.5167022000000003E-01
   7.7340805999999997E+04    8.5253725000000002E-01
   7.7962014000000010E+04    8.5339991999999998E-01
   7.8588212000000000E+04    8.5425826000000005E-01
   7.9219440000000002E+04    8.5511227999999995E-01
   7.9855735999999990E+04    8.5596201000000005E-01
   8.0497144000000000E+04    8.5680745000000003E-01
   8.1143703999999998E+04    8.5764861999999997E-01
   8.1795457999999999E+04    8.5848555000000004E-01
   8.2452445999999996E+04    8.5931824999999995E-01
   8.3114712000000000E+04    8.6014672999999997E-01
   8.3782296000000002E+04    8.6097100999999998E-01
   8.4455241999999998E+04    8.6179110999999997E-01
   8.5133593999999997E+04    8.6260703999999999E-01
   8.5817394000000000E+04    8.6341882999999997E-01
   8.6506686000000002E+04    8.6422648000000002E-01
   8.7201516000000003E+04    8.6503001999999996E-01
   8.7901925999999992E+04    8.6582946999999999E-01
   8.8607962000000000E+04    8.6662483000000001E-01
   8.9319668000000005E+04    8.6741612000000001E-01
   9.0037091999999990E+04    8.6820337000000003E-01
   9.0760278000000006E+04    8.6898657999999995E-01
   9.1489271999999997E+04    8.6976578000000004E-01
   9.2224121999999988E+04    8.7054098000000002E-01
   9.2964874000000011E+04    8.7131219999999998E-01
   9.3711576000000001E+04    8.7207944999999998E-01
   9.4464274000000005E+04    8.7284275000000000E-01
   9.5223020000000004E+04    8.7360210999999999E-01
   9.5987860000000001E+04    8.7435755999999998E-01
   9.6758841999999990E+04    8.7510911000000002E-01
   9.7536018000000011E+04    8.7585678000000000E-01
   9.8319434000000008E+04    8.7660057999999996E-01
   9.9109144000000000E+04    8.7734051999999996E-01
   9.9905198000000004E+04    8.7807663000000002E-01
   1.0070764599999999E+05    8.7880891999999999E-01
   1.0151653800000000E+05    8.7953740000000002E-01
   1.0233192599999999E+05    8.8026210000000005E-01
   1.0315386599999999E+05    8.8098303000000000E-01
   1.0398240600000000E+05    8.8170020000000005E-01
   1.0481760200000000E+05    8.8241362999999995E-01
   1.0565950599999999E+05    8.8312334000000003E-01
   1.0650817199999999E+05    8.8382934000000002E-01
   1.0736365400000001E+05    8.8453165000000000E-01
   1.0822600800000000E+05    8.8523028000000004E-01
   1.0909528999999999E+05    8.8592526000000005E-01
   1.0997155200000000E+05    8.8661659000000004E-01
   1.1085485400000001E+05    8.8730429000000000E-01
   1.1174524800000001E+05    8.8798838000000002E-01
   1.1264279600000000E+05    8.8866887000000006E-01
   1.1354755200000000E+05    8.8934579000000002E-01
   1.1445957600000000E+05    8.9001912999999999E-01
   1.1537892599999999E+05    8.9068893000000005E-01
   1.1630565800000001E+05    8.9135518999999996E-01
   1.1723983600000000E+05    8.9201794000000001E-01
   1.1818151600000000E+05    8.9267717999999996E-01
   1.1913075999999999E+05    8.9333293999999996E-01
   1.2008762800000001E+05    8.9398522000000002E-01
   1.2105218199999999E+05    8.9463404000000002E-01
   1.2202448400000000E+05    8.9527942999999999E-01
   1.2300459599999999E+05    8.9592139000000004E-01
   1.2399257800000001E+05    8.9655994000000006E-01
   1.2498849800000001E+05    8.9719508999999997E-01
   1.2599241600000000E+05    8.9782686000000000E-01
   1.2700439800000000E+05    8.9845527000000003E-01
   1.2802450800000000E+05    8.9908032999999998E-01
   1.2905281199999999E+05    8.9970205000000003E-01
   1.3008937599999999E+05    9.0032045999999999E-01
   1.3113426400000000E+05    9.0093555999999997E-01
   1.3218754600000000E+05    9.0154736999999996E-01
   1.3324928800000000E+05    9.0215590999999995E-01
   1.3431955800000002E+05    9.0276118999999999E-01
   1.3539842400000000E+05    9.0336322000000002E-01
   1.3648595600000001E+05    9.0396202000000003E-01
   1.3758222199999998E+05    9.0455761000000001E-01
   1.3868729399999999E+05    9.0515000000000001E-01
   1.3980124200000000E+05    9.0573921000000002E-01
   1.4092413800000001E+05    9.0632524000000003E-01
   1.4205605200000000E+05    9.0690811999999998E-01
   1.4319705800000002E+05    9.0748786000000004E-01
   1.4434723000000001E+05    9.0806447000000001E-01
   1.4550664000000001E+05    9.0863797000000002E-01
   1.4667535999999999E+05    9.0920836999999999E-01
   1.4785347000000000E+05    9.0977569000000003E-01
   1.4904104199999999E+05    9.1033993999999996E-01
   1.5023815200000000E+05    9.1090112999999995E-01
   1.5144487800000000E+05    9.1145929000000003E-01
   1.5266129600000000E+05    9.1201441999999999E-01
   1.5388748400000000E+05    9.1256654000000004E-01
   1.5512352200000000E+05    9.1311567000000005E-01
   1.5636948800000001E+05    9.1366181000000002E-01
   1.5762545999999999E+05    9.1420497999999994E-01
   1.5889152200000000E+05    9.1474520000000004E-01
   1.6016775199999998E+05    9.1528248000000001E-01
   1.6145423400000000E+05    9.1581683000000003E-01
   1.6275104800000001E+05    9.1634826999999996E-01
   1.6405827800000002E+05    9.1687682000000004E-01
   1.6537600800000000E+05    9.1740246999999997E-01
   1.6670432199999999E+05    9.1792525999999997E-01
   1.6804330600000001E+05    9.1844519000000002E-01
   1.6939304399999999E+05    9.1896228000000002E-01
   1.7075362200000000E+05    9.1947654000000001E-01
   1.7212513000000000E+05    9.1998798999999998E-01
   1.7350765399999998E+05    9.2049663000000004E-01
   1.7490128200000001E+05    9.2100249000000001E-01
   1.7630610399999999E+05    9.2150557000000000E-01
   1.7772220999999999E+05    9.2200588999999999E-01
   1.7914969000000000E+05    9.2250346000000005E-01
   1.8058863600000003E+05    9.2299830000000005E-01
   1.8203914000000001E+05    9.2349042000000003E-01
   1.8350129399999999E+05    9.2397984000000000E-01
   1.8497519199999998E+05    9.2446656000000005E-01
   1.8646092800000001E+05    9.2495059000000002E-01
   1.8795859800000000E+05    9.2543196999999999E-01
   1.8946829800000001E+05    9.2591067999999999E-01
   1.9099012399999998E+05    9.2638675999999998E-01
   1.9252417199999999E+05    9.2686020999999996E-01
   1.9407054199999999E+05    9.2733104000000000E-01
   1.9562933399999997E+05    9.2779928000000000E-01
   1.9720064600000001E+05    9.2826492000000005E-01
   1.9878457800000001E+05    9.2872798999999995E-01
   2.0038123999999999E+05    9.2918849999999997E-01
   2.0199072000000000E+05    9.2964645000000001E-01
   2.0361312000000000E+05    9.3010187000000000E-01
   2.0524856000000000E+05    9.3055476999999998E-01
   2.0689714000000001E+05    9.3100514999999995E-01
   2.0855894000000000E+05    9.3145303999999995E-01
   2.1023410000000001E+05    9.3189843000000006E-01
   2.1192272000000000E+05    9.3234136000000001E-01
   2.1362489999999999E+05    9.3278181999999998E-01
   2.1534076000000001E+05    9.3321984000000002E-01
   2.1707039999999999E+05    9.3365542000000001E-01
   2.1881392000000001E+05    9.3408857000000001E-01
   2.2057145999999999E+05    9.3451930999999999E-01
   2.2234310000000001E+05    9.3494765999999996E-01
   2.2412898000000001E+05    9.3537362000000002E-01
   2.2592920000000001E+05    9.3579720000000000E-01
   2.2774389999999999E+05    9.3621842000000000E-01
   2.2957316000000000E+05    9.3663728999999996E-01
   2.3141710000000001E+05    9.3705382000000004E-01
   2.3327585999999999E+05    9.3746803000000001E-01
   2.3514956000000000E+05    9.3787991999999998E-01
   2.3703829999999999E+05    9.3828951000000005E-01
   2.3894220000000001E+05    9.3869681000000005E-01
   2.4086142000000001E+05    9.3910183000000003E-01
   2.4279604000000001E+05    9.3950458999999997E-01
   2.4474620000000001E+05    9.3990509000000000E-01
   2.4671201999999999E+05    9.4030334000000004E-01
   2.4869362000000000E+05    9.4069937000000003E-01
   2.5069116000000000E+05    9.4109317999999997E-01
   2.5270472000000000E+05    9.4148476999999997E-01
   2.5473448000000001E+05    9.4187416999999996E-01
   2.5678051999999999E+05    9.4226138999999998E-01
   2.5884300000000000E+05    9.4264643000000004E-01
   2.6092206000000000E+05    9.4302931000000001E-01
   2.6301779999999999E+05    9.4341003999999995E-01
   2.6513038000000000E+05    9.4378863999999996E-01
   2.6725994000000000E+05    9.4416509999999998E-01
   2.6940658000000002E+05    9.4453944000000001E-01
   2.7157047999999998E+05    9.4491168000000003E-01
   2.7375176000000001E+05    9.4528182999999999E-01
   2.7595056000000000E+05    9.4564988999999999E-01
   2.7816702000000002E+05    9.4601588000000003E-01
   2.8040128000000003E+05    9.4637981000000004E-01
   2.8265347999999998E+05    9.4674168999999997E-01
   2.8492378000000003E+05    9.4710152999999997E-01
   2.8721232000000001E+05    9.4745933999999998E-01
   2.8951921999999997E+05    9.4781512999999995E-01
   2.9184467999999999E+05    9.4816891000000003E-01
   2.9418879999999999E+05    9.4852069999999999E-01
   2.9655173999999999E+05    9.4887051000000000E-01
   2.9893367999999999E+05    9.4921834000000005E-01
   3.0133473999999999E+05    9.4956419999999997E-01
   3.0375508000000002E+05    9.4990810999999997E-01
   3.0619485999999999E+05    9.5025008000000000E-01
   3.0865423999999999E+05    9.5059011999999998E-01
   3.1113338000000000E+05    9.5092823000000004E-01
   3.1363244000000000E+05    9.5126443000000005E-01
   3.1615156000000000E+05    9.5159872999999995E-01
   3.1869091999999998E+05    9.5193114000000001E-01
   3.2125065999999997E+05    9.5226166999999995E-01
   3.2383097999999998E+05    9.5259031999999999E-01
   3.2643202000000002E+05    9.5291711999999995E-01
   3.2905394000000000E+05    9.5324207000000005E-01
   3.3169694000000000E+05    9.5356516999999996E-01
   3.3436115999999997E+05    9.5388645000000005E-01
   3.3704678000000003E+05    9.5420590999999999E-01
   3.3975396000000002E+05    9.5452355000000000E-01
   3.4248290000000002E+05    9.5483940000000000E-01
   3.4523373999999999E+05    9.5515344999999996E-01
   3.4800670000000001E+05    9.5546571999999996E-01
   3.5080191999999998E+05    9.5577623000000000E-01
   3.5361958000000002E+05    9.5608497000000003E-01
   3.5645988000000000E+05    9.5639196000000004E-01
   3.5932300000000000E+05    9.5669720999999996E-01
   3.6220912000000000E+05    9.5700072000000003E-01
   3.6511841999999998E+05    9.5730252000000005E-01
   3.6805108000000002E+05    9.5760259999999997E-01
   3.7100729999999999E+05    9.5790096999999996E-01
   3.7398726000000001E+05    9.5819765999999995E-01
   3.7699115999999997E+05    9.5849264999999995E-01
   3.8001917999999999E+05    9.5878598000000004E-01
   3.8307152000000002E+05    9.5907763000000001E-01
   3.8614838000000000E+05    9.5936763000000003E-01
   3.8924996000000002E+05    9.5965597999999996E-01
   3.9237646000000002E+05    9.5994268999999999E-01
   3.9552806000000000E+05    9.6022777999999998E-01
   3.9870496000000002E+05    9.6051123999999999E-01
   4.0190740000000002E+05    9.6079309000000002E-01
   4.0513556000000000E+05    9.6107334000000000E-01
   4.0838964000000001E+05    9.6135199000000005E-01
   4.1166985999999999E+05    9.6162906999999997E-01
   4.1497641999999998E+05    9.6190456000000002E-01
   4.1830956000000000E+05    9.6217849000000000E-01
   4.2166946000000002E+05    9.6245086000000002E-01
   4.2505634000000003E+05    9.6272168000000002E-01
   4.2847041999999998E+05    9.6299095999999995E-01
   4.3191194000000000E+05    9.6325870999999996E-01
   4.3538108000000002E+05    9.6352494000000000E-01
   4.3887809999999998E+05    9.6378965000000005E-01
   4.4240321999999997E+05    9.6405286000000001E-01
   4.4595664000000001E+05    9.6431456000000004E-01
   4.4953859999999998E+05    9.6457477999999996E-01
   4.5314932000000001E+05    9.6483352000000000E-01
   4.5678906000000000E+05    9.6509078999999998E-01
   4.6045803999999998E+05    9.6534659000000000E-01
   4.6415647999999998E+05    9.6560093999999996E-01
   4.6788462000000000E+05    9.6585383999999996E-01
   4.7164270000000001E+05    9.6610529999999994E-01
   4.7543097999999998E+05    9.6635532999999996E-01
   4.7924967999999999E+05    9.6660393000000000E-01
   4.8309906000000000E+05    9.6685111999999995E-01
   4.8697934000000003E+05    9.6709690999999998E-01
   4.9089079999999999E+05    9.6734129999999996E-01
   4.9483367999999999E+05    9.6758429000000001E-01
   4.9880823999999999E+05    9.6782590000000002E-01
   5.0281470000000001E+05    9.6806614000000002E-01
   5.0685335999999999E+05    9.6830501000000002E-01
   5.1092444000000000E+05    9.6854253000000001E-01
   5.1502823999999999E+05    9.6877869000000005E-01
   5.1916497999999998E+05    9.6901351000000002E-01
   5.2333496000000002E+05    9.6924699000000003E-01
   5.2753842000000004E+05    9.6947914000000002E-01
   5.3177566000000003E+05    9.6970997000000003E-01
   5.3604693999999994E+05    9.6993949000000002E-01
   5.4035250000000000E+05    9.7016771000000002E-01
   5.4469266000000003E+05    9.7039461999999999E-01
   5.4906768000000005E+05    9.7062024999999996E-01
   5.5347783999999997E+05    9.7084459000000001E-01
   5.5792342000000004E+05    9.7106766000000000E-01
   5.6240471999999997E+05    9.7128946000000005E-01
   5.6692200000000000E+05    9.7150999999999998E-01
   5.7147556000000006E+05    9.7172928000000003E-01
   5.7606569999999995E+05    9.7194731999999995E-01
   5.8069269999999995E+05    9.7216411999999996E-01
   5.8535688000000000E+05    9.7237969000000002E-01
   5.9005852000000002E+05    9.7259403000000000E-01
   5.9479792000000004E+05    9.7280716000000000E-01
   5.9957538000000000E+05    9.7301906999999999E-01
   6.0439121999999997E+05    9.7322978000000004E-01
   6.0924573999999999E+05    9.7343928999999996E-01
   6.1413926000000001E+05    9.7364762000000005E-01
   6.1907207999999996E+05    9.7385476000000004E-01
   6.2404452000000002E+05    9.7406071999999999E-01
   6.2905690000000002E+05    9.7426552000000000E-01
   6.3410954000000004E+05    9.7446915000000001E-01
   6.3920276000000001E+05    9.7467163000000001E-01
   6.4433690000000002E+05    9.7487296000000001E-01
   6.4951226000000001E+05    9.7507315000000006E-01
   6.5472919999999995E+05    9.7527220000000003E-01
   6.5998804000000004E+05    9.7547013000000005E-01
   6.6528912000000000E+05    9.7566693000000004E-01
   6.7063278000000003E+05    9.7586262000000001E-01
   6.7601935999999999E+05    9.7605719000000002E-01
   6.8144919999999995E+05    9.7625066999999999E-01
   6.8692266000000003E+05    9.7644304999999998E-01
   6.9244007999999996E+05    9.7663434000000005E-01
   6.9800181999999995E+05    9.7682453999999996E-01
   7.0360823999999999E+05    9.7701366999999995E-01
   7.0925968000000005E+05    9.7720172999999999E-01
   7.1495650000000000E+05    9.7738871999999999E-01
   7.2069909999999998E+05    9.7757466000000004E-01
   7.2648781999999995E+05    9.7775953999999998E-01
   7.3232304000000004E+05    9.7794338000000003E-01
   7.3820512000000000E+05    9.7812617999999996E-01
   7.4413443999999994E+05    9.7830795000000004E-01
   7.5011140000000002E+05    9.7848868000000000E-01
   7.5613633999999997E+05    9.7866839999999999E-01
   7.6220969999999995E+05    9.7884709999999997E-01
   7.6833183999999997E+05    9.7902480000000003E-01
   7.7450314000000001E+05    9.7920149000000001E-01
   7.8072402000000002E+05    9.7937717999999996E-01
   7.8699485999999999E+05    9.7955188000000004E-01
   7.9331606000000006E+05    9.7972559999999997E-01
   7.9968806000000006E+05    9.7989833000000004E-01
   8.0611121999999997E+05    9.8007009000000000E-01
   8.1258595999999996E+05    9.8024089000000003E-01
   8.1911271999999997E+05    9.8041071999999996E-01
   8.2569192000000004E+05    9.8057958999999995E-01
   8.3232393999999994E+05    9.8074751999999998E-01
   8.3900923999999999E+05    9.8091448999999997E-01
   8.4574823999999999E+05    9.8108052999999995E-01
   8.5254135999999999E+05    9.8124564000000003E-01
   8.5938904000000004E+05    9.8140981000000005E-01
   8.6629171999999997E+05    9.8157306000000000E-01
   8.7324985999999999E+05    9.8173540000000004E-01
   8.8026388000000000E+05    9.8189682000000000E-01
   8.8733421999999997E+05    9.8205732999999995E-01
   8.9446135999999999E+05    9.8221694999999998E-01
   9.0164576000000001E+05    9.8237565999999998E-01
   9.0888785999999999E+05    9.8253349000000001E-01
   9.1618812000000000E+05    9.8269043000000000E-01
   9.2354702000000002E+05    9.8284649000000002E-01
   9.3096504000000004E+05    9.8300167999999999E-01
   9.3844262000000000E+05    9.8315600000000003E-01
   9.4598028000000003E+05    9.8330945000000003E-01
   9.5357845999999996E+05    9.8346204000000004E-01
   9.6123769999999995E+05    9.8361377999999999E-01
   9.6895843999999994E+05    9.8376467000000001E-01
   9.7674119999999995E+05    9.8391470999999997E-01
   9.8458645999999996E+05    9.8406391999999998E-01
   9.9249473999999999E+05    9.8421228999999999E-01
   1.0004665400000000E+06    9.8435983999999999E-01
   1.0085023800000000E+06    9.8450654999999998E-01
   1.0166027600000000E+06    9.8465245000000001E-01
   1.0247682000000000E+06    9.8479753999999997E-01
   1.0329992200000000E+06    9.8494181999999997E-01
   1.0412963600000000E+06    9.8508529000000000E-01
   1.0496601399999999E+06    9.8522796000000001E-01
   1.0580911000000001E+06    9.8536984000000005E-01
   1.0665897800000000E+06    9.8551091999999996E-01
   1.0751567200000000E+06    9.8565122000000005E-01
   1.0837924800000000E+06    9.8579074000000000E-01
   1.0924975800000001E+06    9.8592948999999996E-01
   1.1012726200000001E+06    9.8606746000000001E-01
   1.1101181399999999E+06    9.8620467000000001E-01
   1.1190347000000000E+06    9.8634111000000002E-01
   1.1280228799999999E+06    9.8647678999999999E-01
   1.1370832600000000E+06    9.8661173000000002E-01
   1.1462163999999999E+06    9.8674591000000000E-01
   1.1554229199999999E+06    9.8687935000000004E-01
   1.1647033799999999E+06    9.8701205000000003E-01
   1.1740583600000001E+06    9.8714402000000001E-01
   1.1834885000000000E+06    9.8727525000000005E-01
   1.1929943799999999E+06    9.8740576000000002E-01
   1.2025766200000001E+06    9.8753555000000004E-01
   1.2122358200000001E+06    9.8766461999999999E-01
   1.2219726000000001E+06    9.8779296999999999E-01
   1.2317875800000001E+06    9.8792062000000003E-01
   1.2416813999999999E+06    9.8804756000000005E-01
   1.2516547000000000E+06    9.8817379999999999E-01
   1.2617081000000001E+06    9.8829933999999997E-01
   1.2718422400000000E+06    9.8842419000000004E-01
   1.2820578000000000E+06    9.8854836000000001E-01
   1.2923553799999999E+06    9.8867183999999997E-01
   1.3027357000000000E+06    9.8879463999999995E-01
   1.3131993799999999E+06    9.8891675999999995E-01
   1.3237471200000001E+06    9.8903821999999997E-01
   1.3343795600000001E+06    9.8915900000000001E-01
   1.3450974199999999E+06    9.8927913000000001E-01
   1.3559013600000001E+06    9.8939858999999997E-01
   1.3667920600000001E+06    9.8951739999999999E-01
   1.3777702600000000E+06    9.8963555000000003E-01
   1.3888366200000001E+06    9.8975305999999996E-01
   1.3999918799999999E+06    9.8986991999999996E-01
   1.4112367400000000E+06    9.8998615000000001E-01
   1.4225718999999999E+06    9.9010173000000001E-01
   1.4339981200000001E+06    9.9021669000000001E-01
   1.4455161200000001E+06    9.9033101999999995E-01
   1.4571266399999999E+06    9.9044471999999995E-01
   1.4688303999999999E+06    9.9055780000000004E-01
   1.4806281599999999E+06    9.9067026999999996E-01
   1.4925207000000000E+06    9.9078211999999999E-01
   1.5045087600000000E+06    9.9089335999999995E-01
   1.5165931000000001E+06    9.9100400000000000E-01
   1.5287745000000000E+06    9.9111402999999998E-01
   1.5410537600000000E+06    9.9122347000000000E-01
   1.5534316200000001E+06    9.9133230999999999E-01
   1.5659089199999999E+06    9.9144056000000003E-01
   1.5784864399999999E+06    9.9154821999999998E-01
   1.5911649800000000E+06    9.9165528999999997E-01
   1.6039453400000001E+06    9.9176178999999998E-01
   1.6168283799999999E+06    9.9186770999999996E-01
   1.6298148799999999E+06    9.9197305000000002E-01
   1.6429057000000000E+06    9.9207782000000000E-01
   1.6561016399999999E+06    9.9218203000000005E-01
   1.6694036000000001E+06    9.9228567000000001E-01
   1.6828123999999999E+06    9.9238875999999998E-01
   1.6963288799999999E+06    9.9249127999999998E-01
   1.7099539399999999E+06    9.9259326000000003E-01
   1.7236884399999999E+06    9.9269468000000005E-01
   1.7375332600000000E+06    9.9279556000000002E-01
   1.7514892600000000E+06    9.9289589000000000E-01
   1.7655573799999999E+06    9.9299568000000005E-01
   1.7797384800000000E+06    9.9309493999999998E-01
   1.7940335000000000E+06    9.9319365999999998E-01
   1.8084433400000001E+06    9.9329184999999998E-01
   1.8229688999999999E+06    9.9338952000000003E-01
   1.8376111399999999E+06    9.9348665999999997E-01
   1.8523710000000000E+06    9.9358327999999996E-01
   1.8672493999999999E+06    9.9367938000000000E-01
   1.8822473000000000E+06    9.9377497000000004E-01
   1.8973656799999999E+06    9.9387004999999995E-01
   1.9126054800000000E+06    9.9396461000000003E-01
   1.9279676799999999E+06    9.9405867999999997E-01
   1.9434532800000000E+06    9.9415224000000002E-01
   1.9590632800000000E+06    9.9424530000000000E-01
   1.9747986399999999E+06    9.9433786000000002E-01
   1.9906603799999999E+06    9.9442993999999996E-01
   2.0066496000000001E+06    9.9452152000000005E-01
   2.0227672000000000E+06    9.9461261000000001E-01
   2.0390142000000000E+06    9.9470322000000000E-01
   2.0553916000000001E+06    9.9479335000000002E-01
   2.0719008000000000E+06    9.9488299999999996E-01
   2.0885423999999999E+06    9.9497217999999998E-01
   2.1053177999999998E+06    9.9506088000000004E-01
   2.1222280000000000E+06    9.9514910999999995E-01
   2.1392737999999998E+06    9.9523687999999999E-01
   2.1564566000000001E+06    9.9532418000000000E-01
   2.1737773999999999E+06    9.9541102000000004E-01
   2.1912373999999999E+06    9.9549739999999998E-01
   2.2088376000000001E+06    9.9558332999999999E-01
   2.2265792000000002E+06    9.9566880000000002E-01
   2.2444633999999999E+06    9.9575382000000001E-01
   2.2624910000000000E+06    9.9583838999999996E-01
   2.2806636000000001E+06    9.9592252000000003E-01
   2.2989820000000000E+06    9.9600621000000000E-01
   2.3174476000000001E+06    9.9608945999999998E-01
   2.3360616000000001E+06    9.9617226999999997E-01
   2.3548250000000000E+06    9.9625465000000002E-01
   2.3737392000000002E+06    9.9633658999999997E-01
   2.3928052000000002E+06    9.9641811000000002E-01
   2.4120246000000001E+06    9.9649920000000003E-01
   2.4313980000000000E+06    9.9657985999999998E-01
   2.4509272000000002E+06    9.9666010999999999E-01
   2.4706133999999999E+06    9.9673993000000005E-01
   2.4904576000000001E+06    9.9681934000000005E-01
   2.5104610000000000E+06    9.9689833000000005E-01
   2.5306253999999999E+06    9.9697692000000004E-01
   2.5509516000000001E+06    9.9705509000000003E-01
   2.5714410000000000E+06    9.9713286000000001E-01
   2.5920950000000000E+06    9.9721022999999998E-01
   2.6129150000000000E+06    9.9728718999999999E-01
   2.6339022000000002E+06    9.9736376000000004E-01
   2.6550577999999998E+06    9.9743992000000004E-01
   2.6763833999999999E+06    9.9751570000000001E-01
   2.6978803999999999E+06    9.9759107999999996E-01
   2.7195500000000000E+06    9.9766606999999996E-01
   2.7413936000000001E+06    9.9774068000000005E-01
   2.7634127999999998E+06    9.9781489999999995E-01
   2.7856087999999998E+06    9.9788874000000005E-01
   2.8079830000000000E+06    9.9796218999999997E-01
   2.8305370000000000E+06    9.9803527000000003E-01
   2.8532720000000000E+06    9.9810798000000001E-01
   2.8761897999999998E+06    9.9818030999999996E-01
   2.8992916000000001E+06    9.9825227000000005E-01
   2.9225790000000000E+06    9.9832385999999995E-01
   2.9460533999999999E+06    9.9839507999999999E-01
   2.9697163999999999E+06    9.9846594000000000E-01
   2.9935693999999999E+06    9.9853643999999997E-01
   3.0176140000000000E+06    9.9860658000000002E-01
   3.0418516000000001E+06    9.9867636000000004E-01
   3.0662840000000000E+06    9.9874578000000003E-01
   3.0909127999999998E+06    9.9881485000000003E-01
   3.1157392000000002E+06    9.9888357000000005E-01
   3.1407652000000002E+06    9.9895193999999998E-01
   3.1659920000000000E+06    9.9901996000000004E-01
   3.1914216000000001E+06    9.9908764000000005E-01
   3.2170552000000002E+06    9.9915496999999998E-01
   3.2428950000000000E+06    9.9922195999999996E-01
   3.2689422000000002E+06    9.9928861999999996E-01
   3.2951986000000001E+06    9.9935492999999997E-01
   3.3216660000000000E+06    9.9942092000000005E-01
   3.3483457999999998E+06    9.9948656000000002E-01
   3.3752400000000000E+06    9.9955187999999995E-01
   3.4023502000000002E+06    9.9961686999999999E-01
   3.4296782000000002E+06    9.9968153000000004E-01
   3.4572256000000001E+06    9.9974587000000004E-01
   3.4849943999999999E+06    9.9980988000000004E-01
   3.5129862000000002E+06    9.9987356999999999E-01
   3.5412027999999998E+06    9.9993694000000000E-01
   3.5696460000000000E+06    1.0000000000000000E+00
