       1.0000000       0.0000000
       1.0080321   9.7302071e-06
       1.0161287   2.0096016e-05
       1.0242903   3.1127954e-05
       1.0325175   4.2857310e-05
       1.0408108   5.5316117e-05
       1.0491707   6.8537136e-05
       1.0575977   8.2553830e-05
       1.0660924   9.7400348e-05
       1.0746553   0.00011311150
       1.0832871   0.00012972274
       1.0919881   0.00014727012
       1.1007591   0.00016579029
       1.1096005   0.00018532045
       1.1185129   0.00020589834
       1.1274969   0.00022756220
       1.1365530   0.00025035075
       1.1456819   0.00027430314
       1.1548841   0.00029945896
       1.1641602   0.00032585816
       1.1735109   0.00035354106
       1.1829366   0.00038254831
       1.1924381   0.00041292085
       1.2020158   0.00044469990
       1.2116705   0.00047792691
       1.2214028   0.00051264354
       1.2312132   0.00054889166
       1.2411024   0.00058671328
       1.2510710   0.00062615053
       1.2611197   0.00066724570
       1.2712492   0.00071004111
       1.2814599   0.00075457919
       1.2917527   0.00080090241
       1.3021282   0.00084905324
       1.3125870   0.00089907418
       1.3231298   0.00095100773
       1.3337573    0.0010048964
       1.3444702    0.0010607825
       1.3552691    0.0011187086
       1.3661547    0.0011787169
       1.3771278    0.0012408498
       1.3881890    0.0013051495
       1.3993390    0.0013716582
       1.4105786    0.0014404178
       1.4219085    0.0015114706
       1.4333294    0.0015848584
       1.4448420    0.0016606231
       1.4564471    0.0017388066
       1.4681454    0.0018194508
       1.4799377    0.0019025974
       1.4918247    0.0019882881
       1.5038072    0.0020765648
       1.5158859    0.0021674693
       1.5280616    0.0022610433
       1.5403351    0.0023573287
       1.5527072    0.0024563676
       1.5651787    0.0025582019
       1.5777503    0.0026628739
       1.5904230    0.0027704259
       1.6031974    0.0028809005
       1.6160744    0.0029943404
       1.6290548    0.0031107886
       1.6421396    0.0032302886
       1.6553294    0.0033528839
       1.6686251    0.0034786186
       1.6820276    0.0036075371
       1.6955378    0.0037396843
       1.7091565    0.0038751057
       1.7228846    0.0040138471
       1.7367230    0.0041559551
       1.7506725    0.0043014769
       1.7647341    0.0044504603
       1.7789085    0.0046029540
       1.7931969    0.0047590073
       1.8076000    0.0049186705
       1.8221188    0.0050819949
       1.8367542    0.0052490324
       1.8515072    0.0054198363
       1.8663786    0.0055944609
       1.8813696    0.0057729614
       1.8964809    0.0059553944
       1.9117136    0.0061418179
       1.9270686    0.0063322910
       1.9425470    0.0065268743
       1.9581497    0.0067256298
       1.9738777    0.0069286212
       1.9897321    0.0071359135
       2.0057138    0.0073475738
       2.0218238    0.0075636705
       2.0380633    0.0077842742
       2.0544332    0.0080094572
       2.0709346    0.0082392937
       2.0875685    0.0084738602
       2.1043360    0.0087132351
       2.1212383    0.0089574992
       2.1382762    0.0092067353
       2.1554510    0.0094610289
       2.1727638    0.0097204677
       2.1902156    0.0099851422
       2.2078076     0.010255145
       2.2255409     0.010530572
       2.2434167     0.010811522
       2.2614360     0.011098096
       2.2796000     0.011390399
       2.2979100     0.011688538
       2.3163670     0.011992623
       2.3349722     0.012302768
       2.3537269     0.012619091
       2.3726323     0.012941712
       2.3916895     0.013270756
       2.4108997     0.013606351
       2.4302643     0.013948628
       2.4497843     0.014297722
       2.4694612     0.014653774
       2.4892962     0.015016927
       2.5092904     0.015387329
       2.5294452     0.015765132
       2.5497619     0.016150492
       2.5702419     0.016543571
       2.5908863     0.016944534
       2.6116965     0.017353552
       2.6326738     0.017770799
       2.6538197     0.018196457
       2.6751354     0.018630711
       2.6966223     0.019073751
       2.7182818     0.019525773
       2.7401153     0.019986979
       2.7621241     0.020457576
       2.7843098     0.020937776
       2.8066736     0.021427797
       2.8292170     0.021927865
       2.8519415     0.022438209
       2.8748486     0.022959067
       2.8979396     0.023490681
       2.9212161     0.024033301
       2.9446796     0.024587182
       2.9683315     0.025152587
       2.9921734     0.025729786
       3.0162068     0.026319054
       3.0404332     0.026920674
       3.0648542     0.027534938
       3.0894714     0.028162142
       3.1142863     0.028802591
       3.1393005     0.029456597
       3.1645156     0.030124481
       3.1899333     0.030806568
       3.2155551     0.031503195
       3.2413827     0.032214704
       3.2674178     0.032941445
       3.2936619     0.033683778
       3.3201169     0.034442068
       3.3467844     0.035216691
       3.3736660     0.036008028
       3.4007636     0.036816471
       3.4280788     0.037642419
       3.4556135     0.038486280
       3.4833692     0.039348467
       3.5113480     0.040229406
       3.5395514     0.041129529
       3.5679814     0.042049275
       3.5966397     0.042989093
       3.6255282     0.043949440
       3.6546488     0.044930780
       3.6840032     0.045933587
       3.7135935     0.046958341
       3.7434214     0.048005531
       3.7734889     0.049075654
       3.8037978     0.050169213
       3.8343503     0.051286721
       3.8651481     0.052428696
       3.8961933     0.053595666
       3.9274879     0.054788163
       3.9590338     0.056006727
       3.9908331     0.057251905
       4.0228878     0.058524249
       4.0552000     0.059824320
       4.0877717     0.061152681
       4.1206050     0.062509903
       4.1537021     0.063896561
       4.1870650     0.065313233
       4.2206958     0.066760505
       4.2545968     0.068238965
       4.2887701     0.069749203
       4.3232179     0.071291814
       4.3579423     0.072867395
       4.3929457     0.074476544
       4.4282302     0.076119862
       4.4637981     0.077797949
       4.4996517     0.079511408
       4.5357933     0.081260837
       4.5722252     0.083046838
       4.6089497     0.084870009
       4.6459692     0.086730946
       4.6832860     0.088630240
       4.7209026     0.090568482
       4.7588212     0.092546256
       4.7970445     0.094564140
       4.8355748     0.096622707
       4.8744145     0.098722524
       4.9135662      0.10086415
       4.9530324      0.10304813
       4.9928156      0.10527501
       5.0329183      0.10754531
       5.0733432      0.10985956
       5.1140927      0.11221826
       5.1551695      0.11462190
       5.1965763      0.11707096
       5.2383156      0.11956591
       5.2803902      0.12210719
       5.3228028      0.12469523
       5.3655560      0.12733044
       5.4086526      0.13001322
       5.4520953      0.13274395
       5.4958870      0.13552297
       5.5400305      0.13835061
       5.5845285      0.14122719
       5.6293839      0.14415299
       5.6745996      0.14712827
       5.7201784      0.15015326
       5.7661234      0.15322818
       5.8124374      0.15635320
       5.8591234      0.15952847
       5.9061844      0.16275414
       5.9536233      0.16603028
       6.0014434      0.16935696
       6.0496475      0.17273423
       6.0982388      0.17616207
       6.1472203      0.17964047
       6.1965953      0.18316936
       6.2463669      0.18674864
       6.2965383      0.19037818
       6.3471126      0.19405782
       6.3980931      0.19778737
       6.4494832      0.20156658
       6.5012860      0.20539520
       6.5535049      0.20927291
       6.6061432      0.21319937
       6.6592043      0.21717421
       6.7126916      0.22119701
       6.7666085      0.22526733
       6.8209585      0.22938468
       6.8757450      0.23354855
       6.9309716      0.23775836
       6.9866417      0.24201355
       7.0427590      0.24631346
       7.0993271      0.25065745
       7.1563495      0.25504482
       7.2138299      0.25947483
       7.2717720      0.26394673
       7.3301795      0.26845970
       7.3890561      0.27301294
       7.4484056      0.27760556
       7.5082319      0.28223668
       7.5685386      0.28690538
       7.6293298      0.29161070
       7.6906092      0.29635166
       7.7523808      0.30112726
       7.8146486      0.30593646
       7.8774165      0.31077819
       7.9406886      0.31565138
       8.0044689      0.32055491
       8.0687615      0.32548765
       8.1335705      0.33044845
       8.1989000      0.33543614
       8.2647543      0.34044952
       8.3311375      0.34548740
       8.3980539      0.35054854
       8.4655078      0.35563170
       8.5335035      0.36073563
       8.6020453      0.36585908
       8.6711377      0.37100075
       8.7407850      0.37615936
       8.8109917      0.38133363
       8.8817623      0.38652225
       8.9531014      0.39172391
       9.0250135      0.39693731
       9.0975032      0.40216112
       9.1705751      0.40739404
       9.2442339      0.41263476
       9.3184844      0.41788195
       9.3933313      0.42313431
       9.4687793      0.42839052
       9.5448334      0.43364929
       9.6214983      0.43890933
       9.6987790      0.44416933
       9.7766804      0.44942803
       9.8552075      0.45468415
       9.9343654      0.45993644
       10.014159      0.46518363
       10.094594      0.47042451
       10.175674      0.47565785
       10.257406      0.48088245
       10.339795      0.48609711
       10.422845      0.49130066
       10.506562      0.49649196
       10.590951      0.50166986
       10.676019      0.50683324
       10.761770      0.51198102
       10.848209      0.51711211
       10.935343      0.52222546
       11.023176      0.52732004
       11.111715      0.53239484
       11.200966      0.53744888
       11.290933      0.54248118
       11.381623      0.54749082
       11.473041      0.55247688
       11.565193      0.55743847
       11.658086      0.56237473
       11.751725      0.56728481
       11.846115      0.57216792
       11.941264      0.57702325
       12.037178      0.58185006
       12.133861      0.58664760
       12.231322      0.59141518
       12.329565      0.59615210
       12.428597      0.60085772
       12.528424      0.60553140
       12.629054      0.61017256
       12.730491      0.61478060
       12.832744      0.61935498
       12.935817      0.62389517
       13.039719      0.62840069
       13.144455      0.63287106
       13.250032      0.63730583
       13.356458      0.64170458
       13.463738      0.64606692
       13.571880      0.65039248
       13.680890      0.65468090
       13.790777      0.65893187
       13.901545      0.66314509
       14.013204      0.66732027
       14.125759      0.67145718
       14.239218      0.67555558
       14.353589      0.67961525
       14.468878      0.68363602
       14.585093      0.68761773
       14.702242      0.69156022
       14.820332      0.69546337
       14.939370      0.69932708
       15.059364      0.70315127
       15.180322      0.70693587
       15.302252      0.71068083
       15.425161      0.71438613
       15.549057      0.71805176
       15.673948      0.72167771
       15.799843      0.72526403
       15.926749      0.72881073
       16.054674      0.73231789
       16.183626      0.73578556
       16.313614      0.73921384
       16.444647      0.74260282
       16.576732      0.74595262
       16.709877      0.74926335
       16.844092      0.75253516
       16.979386      0.75576821
       17.115766      0.75896264
       17.253241      0.76211864
       17.391820      0.76523639
       17.531513      0.76831609
       17.672328      0.77135793
       17.814273      0.77436214
       17.957359      0.77732894
       18.101594      0.78025855
       18.246988      0.78315123
       18.393549      0.78600722
       18.541287      0.78882676
       18.690213      0.79161014
       18.840334      0.79435761
       18.991661      0.79706945
       19.144204      0.79974595
       19.297972      0.80238738
       19.452975      0.80499405
       19.609223      0.80756624
       19.766726      0.81010427
       19.925494      0.81260843
       20.085537      0.81507903
       20.246866      0.81751639
       20.409490      0.81992083
       20.573421      0.82229266
       20.738668      0.82463220
       20.905243      0.82693979
       21.073156      0.82921574
       21.242417      0.83146038
       21.413038      0.83367404
       21.585030      0.83585706
       21.758402      0.83800977
       21.933168      0.84013249
       22.109337      0.84222557
       22.286921      0.84428934
       22.465931      0.84632412
       22.646380      0.84833027
       22.828277      0.85030810
       23.011636      0.85225797
       23.196467      0.85418019
       23.382783      0.85607510
       23.570596      0.85794304
       23.759917      0.85978434
       23.950759      0.86159933
       24.143133      0.86338833
       24.337053      0.86515168
       24.532530      0.86688970
       24.729578      0.86860271
       24.928208      0.87029105
       25.128433      0.87195503
       25.330267      0.87359497
       25.533722      0.87521119
       25.738811      0.87680401
       25.945547      0.87837374
       26.153944      0.87992068
       26.364015      0.88144516
       26.575773      0.88294747
       26.789232      0.88442792
       27.004405      0.88588682
       27.221307      0.88732445
       27.439951      0.88874112
       27.660351      0.89013713
       27.882521      0.89151276
       28.106476      0.89286830
       28.332229      0.89420404
       28.559796      0.89552025
       28.789191      0.89681723
       29.020428      0.89809525
       29.253523      0.89935457
       29.488489      0.90059549
       29.725344      0.90181825
       29.964100      0.90302313
       30.204774      0.90421038
       30.447382      0.90538028
       30.691938      0.90653308
       30.938458      0.90766902
       31.186958      0.90878836
       31.437454      0.90989135
       31.689963      0.91097823
       31.944499      0.91204924
       32.201080      0.91310463
       32.459722      0.91414462
       32.720441      0.91516945
       32.983255      0.91617935
       33.248179      0.91717455
       33.515231      0.91815527
       33.784428      0.91912172
       34.055788      0.92007414
       34.329327      0.92101272
       34.605063      0.92193770
       34.883014      0.92284926
       35.163197      0.92374762
       35.445631      0.92463299
       35.730333      0.92550556
       36.017322      0.92636553
       36.306617      0.92721310
       36.598234      0.92804846
       36.892195      0.92887179
       37.188516      0.92968329
       37.487217      0.93048313
       37.788318      0.93127150
       38.091837      0.93204859
       38.397794      0.93281455
       38.706208      0.93356957
       39.017100      0.93431383
       39.330488      0.93504747
       39.646394      0.93577068
       39.964837      0.93648362
       40.285838      0.93718644
       40.609418      0.93787930
       40.935596      0.93856237
       41.264394      0.93923579
       41.595833      0.93989972
       41.929935      0.94055430
       42.266719      0.94119968
       42.606209      0.94183601
       42.948426      0.94246342
       43.293391      0.94308207
       43.641128      0.94369207
       43.991657      0.94429358
       44.345002      0.94488673
       44.701184      0.94547163
       45.060228      0.94604844
       45.422156      0.94661726
       45.786990      0.94717824
       46.154755      0.94773148
       46.525474      0.94827711
       46.899171      0.94881526
       47.275869      0.94934604
       47.655593      0.94986956
       48.038367      0.95038593
       48.424215      0.95089528
       48.813163      0.95139771
       49.205234      0.95189332
       49.600455      0.95238224
       49.998850      0.95286455
       50.400445      0.95334036
       50.805265      0.95380978
       51.213338      0.95427290
       51.624688      0.95472982
       52.039342      0.95518064
       52.457326      0.95562546
       52.878668      0.95606437
       53.303394      0.95649745
       53.731531      0.95692480
       54.163107      0.95734652
       54.598150      0.95776267
       55.036687      0.95817337
       55.478746      0.95857867
       55.924356      0.95897868
       56.373546      0.95937347
       56.826343      0.95976313
       57.282777      0.96014773
       57.742877      0.96052734
       58.206673      0.96090206
       58.674194      0.96127195
       59.145470      0.96163708
       59.620531      0.96199753
       60.099409      0.96235338
       60.582132      0.96270468
       61.068733      0.96305152
       61.559242      0.96339396
       62.053691      0.96373206
       62.552112      0.96406590
       63.054536      0.96439554
       63.560995      0.96472103
       64.071523      0.96504246
       64.586151      0.96535987
       65.104912      0.96567332
       65.627840      0.96598289
       66.154969      0.96628861
       66.686331      0.96659057
       67.221961      0.96688880
       67.761894      0.96718337
       68.306163      0.96747433
       68.854804      0.96776174
       69.407852      0.96804565
       69.965342      0.96832611
       70.527309      0.96860317
       71.093791      0.96887689
       71.664822      0.96914731
       72.240440      0.96941448
       72.820681      0.96967845
       73.405583      0.96993928
       73.995183      0.97019699
       74.589519      0.97045165
       75.188628      0.97070330
       75.792550      0.97095197
       76.401322      0.97119772
       77.014984      0.97144059
       77.633575      0.97168061
       78.257134      0.97191784
       78.885702      0.97215231
       79.519319      0.97238406
       80.158025      0.97261314
       80.801861      0.97283957
       81.450869      0.97306341
       82.105089      0.97328468
       82.764564      0.97350343
       83.429336      0.97371968
       84.099448      0.97393349
       84.774942      0.97414487
       85.455861      0.97435387
       86.142250      0.97456053
       86.834152      0.97476486
       87.531611      0.97496692
       88.234673      0.97516673
       88.943381      0.97536431
       89.657782      0.97555972
       90.377921      0.97575296
       91.103844      0.97594409
       91.835598      0.97613311
       92.573229      0.97632008
       93.316785      0.97650501
       94.066314      0.97668793
       94.821863      0.97686887
       95.583480      0.97704786
       96.351215      0.97722493
       97.125116      0.97740010
       97.905233      0.97757340
       98.691616      0.97774486
       99.484316      0.97791449
       100.28338      0.97808234
       101.08887      0.97824841
       101.90082      0.97841274
       102.71930      0.97857535
       103.54435      0.97873627
       104.37602      0.97889551
       105.21438      0.97905310
       106.05947      0.97920907
       106.91135      0.97936342
       107.77007      0.97951620
       108.63569      0.97966741
       109.50826      0.97981708
       110.38784      0.97996524
       111.27449      0.98011189
       112.16825      0.98025706
       113.06920      0.98040078
       113.97738      0.98054305
       114.89286      0.98068391
       115.81568      0.98082336
       116.74593      0.98096143
       117.68364      0.98109814
       118.62888      0.98123350
       119.58172      0.98136754
       120.54221      0.98150026
       121.51042      0.98163169
       122.48640      0.98176185
       123.47022      0.98189074
       124.46194      0.98201840
       125.46163      0.98214482
       126.46935      0.98227004
       127.48516      0.98239407
       128.50914      0.98251691
       129.54133      0.98263859
       130.58182      0.98275913
       131.63066      0.98287853
       132.68793      0.98299681
       133.75369      0.98311399
       134.82801      0.98323007
       135.91096      0.98334509
       137.00261      0.98345904
       138.10303      0.98357194
       139.21229      0.98368380
       140.33045      0.98379465
       141.45760      0.98390449
       142.59380      0.98401333
       143.73912      0.98412118
       144.89365      0.98422807
       146.05744      0.98433400
       147.23059      0.98443898
       148.41316      0.98454303
       149.60523      0.98464615
       150.80687      0.98474837
       152.01816      0.98484968
       153.23918      0.98495010
       154.47002      0.98504965
       155.71073      0.98514833
       156.96141      0.98524616
       158.22214      0.98534314
       159.49299      0.98543928
       160.77406      0.98553460
       162.06541      0.98562911
       163.36713      0.98572281
       164.67931      0.98581572
       166.00203      0.98590785
       167.33537      0.98599919
       168.67942      0.98608978
       170.03427      0.98617960
       171.40000      0.98626868
       172.77670      0.98635702
       174.16446      0.98644464
       175.56336      0.98653153
       176.97350      0.98661771
       178.39497      0.98670318
       179.82785      0.98678797
       181.27224      0.98687206
       182.72824      0.98695548
       184.19592      0.98703823
       185.67540      0.98712031
       187.16676      0.98720174
       188.67010      0.98728253
       190.18552      0.98736267
       191.71310      0.98744219
       193.25296      0.98752108
       194.80518      0.98759935
       196.36988      0.98767702
       197.94713      0.98775408
       199.53706      0.98783055
       201.13976      0.98790642
       202.75533      0.98798172
       204.38388      0.98805645
       206.02551      0.98813060
       207.68033      0.98820419
       209.34843      0.98827723
       211.02994      0.98834972
       212.72495      0.98842167
       214.43357      0.98849308
       216.15592      0.98856397
       217.89210      0.98863433
       219.64223      0.98870417
       221.40642      0.98877350
       223.18477      0.98884232
       224.97741      0.98891064
       226.78445      0.98897847
       228.60600      0.98904581
       230.44218      0.98911266
       232.29311      0.98917904
       234.15891      0.98924494
       236.03970      0.98931038
       237.93559      0.98937536
       239.84671      0.98943987
       241.77318      0.98950394
       243.71512      0.98956756
       245.67266      0.98963074
       247.64592      0.98969348
       249.63504      0.98975578
       251.64013      0.98981766
       253.66132      0.98987912
       255.69875      0.98994016
       257.75255      0.99000079
       259.82284      0.99006101
       261.90976      0.99012082
       264.01344      0.99018023
       266.13402      0.99023925
       268.27163      0.99029787
       270.42641      0.99035611
       272.59850      0.99041397
       274.78803      0.99047144
       276.99515      0.99052855
       279.22000      0.99058528
       281.46272      0.99064164
       283.72345      0.99069764
       286.00234      0.99075329
       288.29954      0.99080858
       290.61518      0.99086351
       292.94943      0.99091810
       295.30242      0.99097235
       297.67432      0.99102625
       300.06526      0.99107982
       302.47541      0.99113306
       304.90492      0.99118597
       307.35395      0.99123855
       309.82264      0.99129081
       312.31116      0.99134275
       314.81967      0.99139437
       317.34833      0.99144568
       319.89730      0.99149668
       322.46674      0.99154738
       325.05682      0.99159777
       327.66770      0.99164787
       330.29956      0.99169767
       332.95255      0.99174717
       335.62686      0.99179638
       338.32264      0.99184531
       341.04008      0.99189395
       343.77934      0.99194231
       346.54061      0.99199039
       349.32405      0.99203820
       352.12985      0.99208573
       354.95819      0.99213300
       357.80924      0.99217999
       360.68320      0.99222672
       363.58023      0.99227319
       366.50054      0.99231941
       369.44431      0.99236536
       372.41171      0.99241106
       375.40296      0.99245651
       378.41823      0.99250171
       381.45771      0.99254666
       384.52161      0.99259137
       387.61012      0.99263584
       390.72344      0.99268007
       393.86177      0.99272406
       397.02530      0.99276782
       400.21424      0.99281135
       403.42879      0.99285464
       406.66917      0.99289771
       409.93557      0.99294056
       413.22821      0.99298318
       416.54729      0.99302558
       419.89303      0.99306777
       423.26565      0.99310973
       426.66536      0.99315149
       430.09237      0.99319303
       433.54691      0.99323436
       437.02919      0.99327548
       440.53945      0.99331640
       444.07790      0.99335712
       447.64477      0.99339763
       451.24029      0.99343794
       454.86469      0.99347806
       458.51821      0.99351798
       462.20106      0.99355770
       465.91350      0.99359724
       469.65576      0.99363658
       473.42807      0.99367574
       477.23069      0.99371471
       481.06385      0.99375349
       484.92779      0.99379209
       488.82277      0.99383052
       492.74904      0.99386876
       496.70684      0.99390682
       500.69644      0.99394471
       504.71807      0.99398242
       508.77201      0.99401997
       512.85851      0.99405734
       516.97783      0.99409454
       521.13024      0.99413157
       525.31601      0.99416844
       529.53539      0.99420514
       533.78866      0.99424169
       538.07610      0.99427807
       542.39797      0.99431429
       546.75456      0.99435035
       551.14614      0.99438626
       555.57299      0.99442201
       560.03540      0.99445760
       564.53365      0.99449305
       569.06804      0.99452834
       573.63884      0.99456349
       578.24636      0.99459848
       582.89088      0.99463334
       587.57271      0.99466804
       592.29214      0.99470260
       597.04949      0.99473702
       601.84504      0.99477130
       606.67911      0.99480544
       611.55201      0.99483944
       616.46405      0.99487331
       621.41554      0.99490703
       626.40680      0.99494063
       631.43815      0.99497409
       636.50992      0.99500742
       641.62242      0.99504061
       646.77599      0.99507368
       651.97095      0.99510662
       657.20763      0.99513944
       662.48638      0.99517212
       667.80753      0.99520469
       673.17141      0.99523713
       678.57839      0.99526944
       684.02878      0.99530164
       689.52296      0.99533371
       695.06127      0.99536567
       700.64406      0.99539751
       706.27169      0.99542923
       711.94453      0.99546084
       717.66293      0.99549233
       723.42726      0.99552371
       729.23789      0.99555498
       735.09519      0.99558614
       740.99954      0.99561718
       746.95131      0.99564812
       752.95089      0.99567894
       758.99865      0.99570967
       765.09499      0.99574028
       771.24030      0.99577079
       777.43497      0.99580119
       783.67939      0.99583150
       789.97397      0.99586170
       796.31911      0.99589179
       802.71522      0.99592179
       809.16269      0.99595169
       815.66196      0.99598149
       822.21342      0.99601119
       828.81751      0.99604080
       835.47464      0.99607031
       842.18525      0.99609973
       848.94975      0.99612905
       855.76859      0.99615828
       862.64220      0.99618741
       869.57101      0.99621646
       876.55548      0.99624541
       883.59605      0.99627428
       890.69317      0.99630305
       897.84729      0.99633174
       905.05888      0.99636034
       912.32839      0.99638886
       919.65629      0.99641729
       927.04305      0.99644563
       934.48913      0.99647389
       941.99503      0.99650207
       949.56122      0.99653017
       957.18817      0.99655818
       964.87639      0.99658611
       972.62636      0.99661397
       980.43858      0.99664174
       988.31354      0.99666944
       996.25176      0.99669705
       1004.2537      0.99672460
       1012.3200      0.99675206
       1020.4510      0.99677945
       1028.6474      0.99680676
       1036.9096      0.99683400
       1045.2381      0.99686117
       1053.6336      0.99688827
       1062.0964      0.99691529
       1070.6273      0.99694224
       1079.2267      0.99696912
       1087.8951      0.99699593
       1096.6332      0.99702267
       1105.4414      0.99704935
       1114.3204      0.99707595
       1123.2707      0.99710249
       1132.2929      0.99712896
       1141.3876      0.99715537
       1150.5553      0.99718171
       1159.7967      0.99720798
       1169.1123      0.99723419
       1178.5027      0.99726034
       1187.9685      0.99728643
       1197.5104      0.99731245
       1207.1289      0.99733841
       1216.8247      0.99736431
       1226.5983      0.99739015
       1236.4504      0.99741593
       1246.3817      0.99744165
       1256.3928      0.99746732
       1266.4842      0.99749292
       1276.6567      0.99751847
       1286.9109      0.99754396
       1297.2475      0.99756939
       1307.6671      0.99759477
       1318.1704      0.99762010
       1328.7581      0.99764537
       1339.4308      0.99767058
       1350.1892      0.99769574
       1361.0340      0.99772085
       1371.9660      0.99774591
       1382.9857      0.99777091
       1394.0940      0.99779587
       1405.2915      0.99782077
       1416.5789      0.99784562
       1427.9570      0.99787043
       1439.4264      0.99789518
       1450.9880      0.99791988
       1462.6425      0.99794454
       1474.3906      0.99796915
       1486.2330      0.99799371
       1498.1705      0.99801823
       1510.2040      0.99804270
       1522.3341      0.99806712
       1534.5616      0.99809150
       1546.8873      0.99811583
       1559.3120      0.99814012
       1571.8366      0.99816437
       1584.4617      0.99818857
       1597.1882      0.99821273
       1610.0170      0.99823685
       1622.9488      0.99826093
       1635.9844      0.99828496
       1649.1248      0.99830896
       1662.3707      0.99833291
       1675.7230      0.99835682
       1689.1826      0.99838070
       1702.7502      0.99840453
       1716.4269      0.99842833
       1730.2133      0.99845209
       1744.1106      0.99847581
       1758.1194      0.99849949
       1772.2408      0.99852314
       1786.4756      0.99854675
       1800.8247      0.99857032
       1815.2891      0.99859386
       1829.8696      0.99861736
       1844.5673      0.99864083
       1859.3830      0.99866426
       1874.3177      0.99868766
       1889.3724      0.99871103
       1904.5480      0.99873436
       1919.8455      0.99875767
       1935.2659      0.99878093
       1950.8101      0.99880417
       1966.4792      0.99882738
       1982.2741      0.99885055
       1998.1959      0.99887370
       2014.2456      0.99889681
       2030.4242      0.99891989
       2046.7327      0.99894295
       2063.1722      0.99896597
       2079.7438      0.99898897
       2096.4485      0.99901194
       2113.2874      0.99903488
       2130.2615      0.99905779
       2147.3719      0.99908068
       2164.6198      0.99910353
       2182.0062      0.99912637
       2199.5322      0.99914917
       2217.1991      0.99917195
       2235.0078      0.99919471
       2252.9596      0.99921744
       2271.0555      0.99924015
       2289.2969      0.99926283
       2307.6847      0.99928549
       2326.2202      0.99930812
       2344.9046      0.99933073
       2363.7391      0.99935332
       2382.7248      0.99937589
       2401.8631      0.99939843
       2421.1551      0.99942095
       2440.6020      0.99944345
       2460.2051      0.99946593
       2479.9657      0.99948839
       2499.8850      0.99951083
       2519.9643      0.99953325
       2540.2048      0.99955565
       2560.6080      0.99957803
       2581.1750      0.99960039
       2601.9072      0.99962273
       2622.8060      0.99964505
       2643.8726      0.99966736
       2665.1084      0.99968965
       2686.5147      0.99971192
       2708.0931      0.99973417
       2729.8447      0.99975641
       2751.7710      0.99977863
       2773.8735      0.99980083
       2796.1535      0.99982302
       2818.6124      0.99984519
       2841.2518      0.99986735
       2864.0730      0.99988949
       2887.0774      0.99991162
       2910.2667      0.99993374
       2933.6422      0.99995584
       2957.2055      0.99997793
       2980.9580       1.0000000
